"sector"	"2026-09-28"	"2026-09-29"	"2026-09-30"	"2026-10-01"	"2026-10-02"
"Commercial Services"	0.571428571428571	0.523809523809524	0.523809523809524	0.428571428571429	0.380952380952381
"Communications"	-0.875	-1.125	-0.875	-1	-1
"Consumer Durables"	0.08	0.08	0.12	0	0.0909090909090909
"Consumer Non-Durables"	-0.5	-0.666666666666667	-0.5	-0.444444444444444	-0.588235294117647
"Consumer Services"	0.19047619047619	0.285714285714286	0.142857142857143	-0.0952380952380952	0.0526315789473684
"Distribution Services"	0	-0.285714285714286	0	-0.285714285714286	-0.166666666666667
"Electronic Technology"	-0.0833333333333333	0.0833333333333333	0.0833333333333333	0.25	0.818181818181818
"Energy Minerals"	3	3	3	3	3
"Finance"	1.21951219512195	1.19512195121951	1.17073170731707	0.902439024390244	0.837837837837838
"Health Services"	-1.33333333333333	-1.33333333333333	-1.33333333333333	-1.33333333333333	-3
"Health Technology"	0	0.272727272727273	0.272727272727273	-0.181818181818182	-0.181818181818182
"Industrial Services"	-0.1	-0.2	0.1	0.4	0.4
"Non-Energy Minerals"	-0.5	-0.5	-0.833333333333333	-0.833333333333333	-1
"Process Industries"	1.11111111111111	1.11111111111111	1.11111111111111	0.777777777777778	1.125
"Producer Manufacturing"	0.151515151515152	0.212121212121212	0.484848484848485	0.454545454545455	0.321428571428571
"Retail Trade"	0.5	0.5	0.5	0.5	1.25
"Technology Services"	0.0357142857142857	-0.107142857142857	-0.142857142857143	-0.107142857142857	-0.0454545454545455
"Transportation"	0.375	0.375	0.5	0.375	1
"Utilities"	0.15	0.05	0.05	-0.2	-0.2
NA	0.2	0.2	0.2	0.2	0.4
