"sector"	"score"	"rbo_100"	"rema_50100150"	"rrg"	"rsma_50100150"	"rtt_5020"
"Energy Minerals"	1.5	0	1	0	0	0.5
"Finance"	1.14285714285714	-0.0612244897959184	0.755102040816326	-0.163265306122449	0.63265306122449	-0.0204081632653061
"Process Industries"	1.11111111111111	-0.333333333333333	1	-0.444444444444444	0.777777777777778	0.111111111111111
"Retail Trade"	1	-0.333333333333333	0.777777777777778	0	0.111111111111111	0.444444444444444
"Commercial Services"	0.75	-0.142857142857143	0.642857142857143	-0.392857142857143	0.571428571428571	0.0714285714285714
"Transportation"	0.5	-0.75	1	-0.5	0.75	0
"Consumer Services"	0.407407407407407	-0.407407407407407	0.925925925925926	-0.814814814814815	0.740740740740741	-0.037037037037037
"Producer Manufacturing"	0.384615384615385	-0.333333333333333	0.794871794871795	-0.435897435897436	0.179487179487179	0.179487179487179
"Electronic Technology"	0.375	-0.125	0.375	0	0.25	-0.125
"Health Technology"	0.357142857142857	-0.142857142857143	0.714285714285714	-0.428571428571429	0.142857142857143	0.0714285714285714
"Health Services"	0.25	-0.5	1	-0.5	0.5	-0.25
"Consumer Durables"	0.185185185185185	-0.111111111111111	0.62962962962963	-0.814814814814815	0.37037037037037	0.111111111111111
"Technology Services"	0.105263157894737	-0.421052631578947	0.736842105263158	-0.552631578947368	0.315789473684211	0.0263157894736842
"Utilities"	0.0499999999999999	-0.5	1	-0.8	0.7	-0.35
NA	0	1	-1	1	-1	0
"Industrial Services"	-0.0833333333333333	-0.166666666666667	0.5	-0.333333333333333	-0.166666666666667	0.0833333333333333
"Consumer Non-Durables"	-0.590909090909091	-0.727272727272727	0.727272727272727	-0.727272727272727	0.363636363636364	-0.227272727272727
"Distribution Services"	-0.75	-0.5	0.5	-0.75	0.25	-0.25
"Non-Energy Minerals"	-0.833333333333333	-0.666666666666667	0.666666666666667	-1	0.666666666666667	-0.5
"Communications"	-1.11111111111111	-0.333333333333333	0.333333333333333	-0.777777777777778	-0.333333333333333	0
