"ticker"	"name"	"rrg"	"data"	"close"	"factor"	"atr_low"	"atr_high"	"DC_low"	"DC_high"	"sd_low"	"sd_high"	"stop_loss"	"hi1"	"hi2"	"hi3"	"hi4"	"lo1"	"lo2"	"lo3"	"lo4"	"flr"	"clg"
"A2A.MI"	"A2A"	-1	2026-10-02	2.24	1	2.19831150135938	2.28168849864062	2.36	2.22	2.19439659738934	2.28560340261066	2.38	2.29	2.32	2.38	2.73	2.22	2.25	2.13	0.95	0.94	2.74
"ABC.MI"	"ABC COMPANY"	-1	2026-10-01	3.9	1	3.89676976678528	3.90323023321472	3.9	3.9	3.87445108118242	3.92554891881758	3.96	3.96	3.64	3.96	2.73	3.89	3.15	2.71	0.95	562.42	1129.61
"ABP.MI"	"A.B.P. NOCIVELLI"	-1	2026-10-02	5.95	1	5.79937383118524	6.10062616881476	6.2	5.7	5.83831952958316	6.06168047041684	6.6	6.2	6.6	6.6	7.1	6	6	4.98	3.36	3.36	7.7
"ABT.MI"	"ABITARE IN"	-1	2026-10-02	2.8	1	2.71970554521098	2.88029445478902	2.82	2.67	2.77646606378342	2.82353393621658	2.89	2.82	2.95	3.16	4.7	2.67	2.63	2.63	2.5	2.5	5.26
"ABTG.MI"	"ALFIO BARDOLLA"	-1	2026-10-02	0.74	1	0.695820958035837	0.784179041964163	1.17	0.74	0.593703222001483	0.886296777998517	1.23	1.18	1.42	1.72	3.5	1.17	1.32	1.56	1.88	1.91	3.54
"AC5.MI"	"ACINQUE"	-1	2026-10-02	2.04	1	2.01096140951194	2.06903859048806	2.1	2.02	2.02011019367605	2.05988980632395	2.14	2.08	2.1	2.4	2.44	2.02	2.04	2	1.66	1.66	2.5
"ACE.MI"	"ACEA"	-1	2026-10-02	19.96	1	19.5849025844889	20.3350974155111	20.64	19.55	19.7165754849948	20.2034245150052	20.72	20.22	20.64	26.5	14.59	19.55	19.32	19.32	10.05	10.05	21.48
"ADB.MI"	"AEROPORTO GUGLIELMO MARCONI DI BOLOGNA"	-1	2026-10-02	9.26	1	9.03328896670297	9.48671103329703	9.7	9.2	9.13893331235578	9.38106668764422	9.7	9.7	9.7	10.45	11.55	9.36	9.36	9.16	8.6	8.56	12.25
"AEF.MI"	"AEFFE"	-1	2026-10-02	0.14	1	0.133253255307563	0.146746744692437	0.15	0.13	0.133887501544979	0.146112498455021	0.16	0.15	0.2	0.96	1.28	0.13	0.13	0.13	0.67	0.67	2.98
"AGP.MI"	"ALTEA GREEN POWER"	-1	2026-10-02	5.65	1	5.48222770599516	5.81777229400484	6.18	5.65	5.53906986655784	5.76093013344216	7.04	6.18	7.21	7.72	8.88	5.93	7	6.2	4.91	4.88	8.88
"AIM.MI"	"4AIM SICAF"	-1	2026-10-01	28	1	27.781641418851	28.218358581149	28	28	27.4051406113142	28.5948593886858	29.52	29.52	89	163.98	8.88	26.81	27.7	26.81	4.91	332.05	452
"ALA.MI"	"ALA"	-1	2026-01-08	36	1	35.8878815479939	36.1121184520061	36.4	35.9	35.9465477516175	36.0534522483825	36.4	36.1	36.4	36.4	14.25	35.9	35.8	34.8	11.65	11.2	38.5
"ALFO.MI"	"ALFONSINO"	-1	2026-10-01	0.18	1	0.174249491158313	0.185750508841687	0.2	0.18	0.173007067932469	0.186992932067531	0.2	0.2	0.23	0.89	14.25	0.19	0.15	0.15	11.65	11.2	3.19
"ALK.MI"	"ALKEMY"	-1	2025-07-11	12	1	11.9809136292427	12.0190863707573	12	11.95	11.9743223704493	12.0256776295507	12	12	11.95	12.4	12.98	11.95	11.8	10.55	6.8	6.8	23.5
"ALW.MI"	"ALGOWATT"	-1	2024-11-22	0.23	1	0.229999645653718	0.230000354346282	0.23	0.23	0.23	0.23	0.23	0.24	0.26	0.28	12.98	0.23	0.22	0.14	6.8	0.47	0.72
"AMB.MI"	"AMBROMOBILIARE"	-1	2026-10-02	0.41	1	0.400191596236747	0.419808403763253	0.44	0.39	0.395009160306198	0.424990839693802	0.45	0.41	0.46	0.46	3.1	0.4	0.41	0.37	1.26	1.2	1.61
"AMP.MI"	"AMPLIFON"	-1	2026-10-02	11.56	1	11.2268078397177	11.8931921602823	12.22	11.31	11.3207233887249	11.7992766112751	12.22	12.22	12.69	12.69	35.14	11.37	11.2	9.24	24.49	7.84	35.14
"ANIM.MI"	"ANIMA HOLDING"	-1	2026-10-02	7.25	1	7.1150312569726	7.3849687430274	7.25	6.95	7.1670297286128	7.3329702713872	7.25	7.22	7.47	7.47	7.09	7.02	6.8	6.73	2.84	5.8	7.09
"ARBS.MI"	"ARTERRA BIOSCIENCE"	-1	2026-10-02	2.91	1	2.8489528123187	2.9710471876813	3.17	2.85	2.8300377836478	2.9899622163522	3.17	3.12	3.12	3.5	3.58	3	2.9	2.85	1.48	1.48	4.4
"ARIS.MI"	"ARISTON HOLDING"	-1	2026-10-02	4.26	1	4.11928931313537	4.40071068686463	4.38	3.62	4.00810062186798	4.51189937813202	4.38	4.38	3.99	4.38	10.75	4.1	3.47	3.08	3.09	6.9	10.78
"ARN.MI"	"ALERION"	-1	2026-10-02	17.44	1	16.9579940687648	17.9220059312352	18.92	17.44	17.0916538288641	17.7883461711359	19.68	18.14	19.68	29.4	44.55	17.8	18.94	17.32	11.42	11.24	44.55
"ASC.MI"	"ASCOPIAVE"	-1	2026-10-02	2.65	1	2.59187910012715	2.70812089987285	2.74	2.59	2.61299688162829	2.68700311837171	2.8	2.68	2.85	3.95	4.13	2.61	2.59	2.59	1.88	1.93	2.91
"ATON.MI"	"ATON GREEN STORAGE"	-1	2026-10-02	0.56	1	0.534675241236441	0.585324758763559	0.56	0.39	0.510358427560303	0.609641572439697	0.56	0.46	0.36	2.39	7.1	0.39	0.26	0.25	1.5	1.5	2.8
"AUTME.MI"	"AUTOSTRADE MERID"	-1	2026-10-01	2.78	1	2.73687594545145	2.82312405454855	2.78	2.64	2.73359045191077	2.82640954808923	2.78	2.68	2.78	3	22	2.64	2.64	2.6	2.2	2.42	3.14
"AVIO.MI"	"AVIO"	-1	2026-10-02	29.18	1	28.1607223196735	30.1992776803265	30.18	28.02	28.78910008026	29.57089991974	30.33	30.18	30.33	44.85	65.2	28.24	26.04	26.04	7.03	23.3	65.2
"AZM.MI"	"AZIMUT"	-1	2026-10-02	37.88	1	37.0978589410381	38.6621410589619	40.39	37.73	37.2517453970293	38.5082546029707	40.39	39.6	40.39	40.39	23.8	38.51	37.19	34.42	19.28	18.35	23.84
"B.MI"	"BASTOGI SPA"	-1	2026-10-02	1.18	1	1.13606937732806	1.22393062267194	1.28	1.11	1.12701752311242	1.23298247688758	1.28	1.26	1.28	1.28	1.23	1.16	1.08	0.93	0.38	0.35	0.68
"BAN.MI"	"BASICNET"	-1	2026-10-02	5.16	1	4.96845656149312	5.35154343850688	5.84	5.16	5.03542379533301	5.28457620466699	6.06	5.41	5.84	7.74	8.93	5.29	5.45	5.78	6.35	2.84	8.94
"BC.MI"	"BRUNELLO CUCINELLI"	-1	2026-10-02	80.18	1	78.1847074834666	82.1752925165334	83.5	78.38	78.217702624725	82.142297375275	83.5	82.98	89.76	95.04	133.4	79	75	75	69.02	69.02	133.4
"BEC.MI"	"B&C SPEAKERS"	-1	2026-10-02	10.95	1	10.7090803468428	11.1909196531572	11.4	10.95	10.8233352612447	11.0766647387553	11.8	11.3	11.8	12.4	21	10.95	11.05	10.35	10.4	10.25	21
"BES.MI"	"BESTBE HOLDING"	-1	2026-10-01	0.06	1	0.0599999998236192	0.0600000001763808	0.06	0.06	0.06	0.06	0.06	0.06	0.24	17	31.5	0.05	0.05	0.05	5.5	14.1	32.8
"BGN.MI"	"BANCA GENERALI"	-1	2026-10-02	62	1	60.6993356137337	63.3006643862663	66.55	61.75	60.8556157181194	63.1443842818806	67.15	65	66.35	69.75	57.65	63.7	63.05	49.26	27.14	23.81	57.65
"BIE.MI"	"BIOERA"	-1	2025-04-22	0.04	1	0.0399971006822597	0.0400028993177403	0.04	0.04	0.04	0.04	0.04	0.07	0.1	0.13	24.97	0.03	0.06	0.03	3.98	0.01	9.88
"BO.MI"	"BORGOSESIA"	-1	2026-10-02	0.76	1	0.750881121003994	0.769118878996006	0.77	0.71	0.743276653155832	0.776723346844168	0.77	0.76	0.74	0.77	46.67	0.71	0.54	0.52	1.49	0.52	0.85
"BSS.MI"	"BIESSE"	-1	2026-10-02	4.83	1	4.6705849173309	4.9894150826691	5.33	4.78	4.74522168533544	4.91477831466456	5.34	5.25	5.33	6.35	8.56	5.04	4.91	4.85	4.76	5.53	8.56
"BST.MI"	"BANCA SISTEMA"	-1	2026-10-02	1.51	1	1.46991188525608	1.55008811474392	1.62	1.5	1.48568521455557	1.53431478544443	1.72	1.59	1.72	1.83	1.96	1.56	1.49	1.59	1.13	1.51	1.99
"BWZ.MI"	"BEEWIZE"	-1	2026-10-02	0.3	1	0.286851622980129	0.313148377019871	0.36	0.29	0.287842607277784	0.312157392722216	0.36	0.33	0.35	0.44	0.5	0.3	0.33	0.29	0.25	0.25	0.5
"BZU.MI"	"BUZZI"	-1	2026-10-02	37.86	1	36.8227377449724	38.8972622550276	38.3	35.53	37.39879041021	38.32120958979	41.03	38.12	42.14	49.25	54.75	36.84	35.53	35.53	40.2	36.5	54.75
"CAI.MI"	"CAIRO COMMUNICATION"	-1	2026-10-02	2.1	1	2.0542112067142	2.1457887932858	2.25	2.09	2.05105508815409	2.14894491184591	2.3	2.25	2.38	2.6	3.48	2.21	2.2	2.09	1.37	1.37	3.48
"CALT.MI"	"CALTAGIRONE"	-1	2026-10-02	9.44	1	9.20688180836329	9.67311819163671	10.1	9.37	9.2615127671017	9.6184872328983	10.1	9.99	10.08	10.98	7.84	9.79	9.51	9.4	2.9	2.9	4.71
"CBB.MI"	"CLEANBNB"	-1	2026-10-02	0.79	1	0.770831389964207	0.809168610035793	0.81	0.69	0.761320260243031	0.818679739756969	0.81	0.72	0.79	0.87	1.55	0.69	0.7	0.69	0.92	1.01	1.3
"CDG.MI"	"CASTA DIVA GROUP"	-1	2026-10-02	3.27	1	3.20704294680479	3.33295705319521	3.31	3.12	3.24398225457648	3.29601774542352	3.31	3.25	3.17	3.31	0.8	3.2	3.05	2.58	0.26	0.91	1.79
"CELL.MI"	"CELLULARLINE"	-1	2026-10-02	2.5	1	2.44950055081375	2.55049944918625	2.69	2.5	2.44088101028388	2.55911898971612	2.7	2.56	2.7	2.7	4.07	2.52	2.15	2.12	2.03	2	3.2
"CEM.MI"	"CEMENTIR HOLDING"	-1	2026-10-02	13.2	1	12.8740781727833	13.5259218272167	13.86	13.02	12.9948091212961	13.4051908787039	14.68	13.83	14.85	15.7	20.7	13.02	13.54	14.07	13.03	13.03	20.7
"CFL.MI"	"COFLE"	-1	2026-10-02	2.05	1	1.95769221986245	2.14230778013755	2.19	1.72	1.94368303661552	2.15631696338448	2.19	2.13	1.92	2.19	4.18	1.72	1.7	1.57	2.34	2.34	4.18
"CFM.MI"	"CROWDFUNDME"	-1	2026-08-06	1.11	1	1.06834987704419	1.15165012295581	1.17	1.03	1.0482489934237	1.1717510065763	1.17	1.15	1.17	1.27	5.55	1.1	0.96	0.96	2.34	1.02	1.4
"CFV.MI"	"CONFINVEST"	-1	2026-10-02	2.06	1	1.9962141803044	2.1237858196956	2.42	2.02	1.97447640258802	2.14552359741198	2.42	2.42	2.26	2.46	2.34	2.22	2.22	2.02	1.53	1.53	2.34
"CIR.MI"	"CIR"	-1	2026-10-02	0.76	1	0.740463585051032	0.779536414948968	0.8	0.76	0.751712580698353	0.768287419301647	0.8	0.8	0.79	0.8	2.34	0.77	0.7	0.7	1.53	0.64	0.75
"CLABO.MI"	"CLABO"	-1	2026-10-01	1.1	1	1.09999999999818	1.10000000000182	1.1	1.1	1.1	1.1	1.1	1.31	1.63	2.85	3.34	1.03	0.84	1.78	1.67	1.67	2.85
"CLE.MI"	"CLASS EDITORI"	-1	2026-10-02	0.13	1	0.125359993022884	0.134640006977116	0.14	0.12	0.125741846863737	0.134258153136263	0.14	0.14	0.15	0.22	3.34	0.13	0.14	0.07	1.67	0.05	0.69
"CLF.MI"	"CALEFFI"	-1	2026-10-02	0.81	1	0.784614513739397	0.835385486260603	0.86	0.8	0.791662504634936	0.828337495365064	0.87	0.84	0.87	0.97	1.63	0.82	0.74	0.74	0.69	0.69	0.97
"CNF.MI"	"CONAFI"	-1	2025-03-10	0.16	1	0.148815215876408	0.171184784123592	0.19	0.15	0.137861574353403	0.182138425646597	0.22	0.21	0.31	0.31	0.47	0.15	0.18	0.15	0.34	0.33	0.47
"CORE.MI"	"ALLCORE"	-1	2026-10-02	1.36	1	1.30310521825554	1.41689478174446	1.45	1.21	1.32655330631167	1.39344669368834	1.45	1.37	1.45	1.45	1.76	1.3	1.25	1.01	1.27	1.27	1.79
"COSMO.MI"	"FARMACOSMO"	-1	2026-10-02	0.46	1	0.444093415436582	0.475906584563418	0.48	0.43	0.449728948179738	0.470271051820262	0.5	0.48	0.55	0.66	1.76	0.43	0.45	0.43	0.37	0.38	0.98
"CPR.MI"	"CAMPARI"	-1	2026-10-02	6.04	1	5.90617226599933	6.17382773400067	6.28	5.89	5.9766502816645	6.1033497183355	6.28	6.19	6.14	6.39	6.82	5.92	5.68	5.68	5.07	5.27	6.83
"CRL.MI"	"CAREL INDUSTRIES"	-1	2026-10-02	28.55	1	27.6978519895164	29.4021480104836	29.2	26.85	27.3274272758097	29.7725727241903	29.2	29.15	29.2	29.35	29.9	27.5	25	25.3	13.06	13.06	32.9
"CSP.MI"	"CSP INT IND CALZE"	-1	2026-10-02	0.28	1	0.273086296725094	0.286913703274906	0.29	0.28	0.274864474089869	0.285135525910131	0.29	0.29	0.3	0.35	0.35	0.28	0.28	0.28	0.27	0.26	0.35
"CULT.MI"	"CULTI MILANO"	-1	2026-06-09	19.1	1	19.0859916976205	19.1140083023795	19.15	19.1	19.1	19.1	19.15	19.15	18.9	19.15	18.9	18.95	18.4	12.3	10	10	27.8
"CVG.MI"	"CONVERGENZE"	-1	2026-10-02	1.64	1	1.57393932682339	1.70606067317661	1.71	1.5	1.60599127455206	1.67400872544794	1.72	1.64	1.97	1.97	2.38	1.5	1.52	1.3	1.01	0.98	2.38
"DAL.MI"	"DATALOGIC"	-1	2026-09-10	5.69	1	5.6752002096021	5.7047997903979	5.7	5.66	5.67733352612447	5.70266647387553	5.7	5.69	5.84	5.86	6.72	5.66	5.65	3.86	3.53	6.13	10.05
"DATA.MI"	"DATRIX"	-1	2026-10-02	1.58	1	1.51013512527572	1.64986487472428	1.74	1.52	1.52830350618729	1.63169649381271	1.8	1.7	1.98	1.98	3.48	1.6	1.46	1.38	0.97	0.97	4.75
"DBA.MI"	"DBA GROUP"	-1	2026-10-02	4.62	1	4.51100724413326	4.72899275586674	4.8	4.53	4.54120063033665	4.69879936966335	4.8	4.75	4.79	4.8	4.41	4.59	4.11	3.79	3.11	2.37	3.38
"DGT.MI"	"DIGITOUCH"	-1	2026-10-02	1.85	1	1.8180298995418	1.8819701004582	1.9	1.8	1.83631195275568	1.86368804724432	1.99	1.99	1.88	1.99	2.17	1.8	1.8	1.77	1.75	1.53	2.17
"DGV.MI"	"DIGITAL VALUE"	-1	2026-05-26	28.98	1	28.9440576264824	29.0159423735176	29.06	28.94	28.9558666707142	29.0041333292858	29.06	29	29.1	33.75	34.1	28.94	26.05	26.05	10	14	36.45
"DHH.MI"	"DHH"	-1	2026-10-02	24.7	1	24.1485425630899	25.2514574369101	26.6	24.7	24.2782688737393	25.1217311262607	26.6	25.6	26.6	28.8	30	24.8	24	24	19.2	19.2	30
"DIA.MI"	"DIASORIN"	-1	2026-10-02	74.9	1	72.9905587152798	76.8094412847202	79.72	72.8	73.1342601090089	76.6657398909911	79.72	79.5	77.5	79.72	112.35	75.26	72.7	62.96	52.34	52.34	112.35
"DIB.MI"	"DIGITAL BROS"	-1	2026-10-02	11.58	1	11.0919112206932	12.0680887793068	13.64	11.58	11.1125519362456	12.0474480637544	13.64	13.64	13.34	13.64	17.42	12.8	12.36	9.29	7.78	7.78	17.42
"DIT.MI"	"DESTINATION ITALIA"	-1	2026-10-02	0.26	1	0.252971899348731	0.267028100651269	0.26	0.24	0.253666763062234	0.266333236937767	0.26	0.25	0.3	0.75	1.53	0.24	0.21	0.21	0.76	0.44	1.53
"DLG.MI"	"DE'LONGHI"	-1	2026-10-02	39.28	1	38.47236074395	40.08763925605	40.94	38.76	38.693767851557	39.866232148443	40.94	40.94	42.6	42.6	34.82	40.14	37.96	28.66	23.28	23.28	34.42
"DNR.MI"	"INDUSTRIE DE NORA"	-1	2026-10-02	5.92	1	5.6461164448911	6.1938835551089	7.59	5.82	5.38244141643051	6.45755858356948	7.59	6.09	7.59	8.22	21.7	5.86	5.78	5.74	23.28	12.93	21.7
"DOV.MI"	"DOVALUE"	-1	2026-10-02	1.65	1	1.57355516868391	1.72644483131608	1.74	1.59	1.58755441929607	1.71244558070393	1.85	1.74	1.85	2.52	3.37	1.6	1.58	1.58	0.92	0.92	3.37
"DOX.MI"	"DOXEE"	-1	2026-10-02	3.9	1	3.77762111460085	4.02237888539915	4.1	3.77	3.81101302725297	3.98898697274703	4.1	4.05	4.1	4.95	4.8	3.85	3.36	3.36	1.2	1.2	14.2
"ECNL.MI"	"AQUAFIL"	-1	2026-10-02	1.27	1	1.23338057740921	1.30661942259079	1.36	1.26	1.24794861146631	1.29205138853369	1.37	1.34	1.46	1.48	1.6	1.29	1.33	1.26	1.21	1.21	1.6
"EDAC.MI"	"EDILIZIACROBATICA"	-1	2026-10-02	1.85	1	1.76160312469285	1.93839687530715	2.03	1.8	1.78131934066251	1.91868065933749	2.5	2.03	3.9	5.3	18.7	1.9	1.72	1.72	11.45	13.5	18.84
"EDNR.MI"	"EDISON R"	-1	2026-10-02	1.88	1	1.83997646822425	1.92002353177575	2	1.85	1.84893820409514	1.91106179590486	2	2	2.03	2.62	18.7	1.85	1.82	1.82	11.45	1.48	1.66
"ELC.MI"	"ELICA"	-1	2026-10-02	1.14	1	1.1147474677068	1.1652525322932	1.17	1.11	1.12910590441196	1.15089409558804	1.18	1.15	1.21	1.83	3.24	1.13	1.13	1.08	2.56	1.08	1.84
"EM.MI"	"EMAK"	-1	2026-10-02	0.79	1	0.772843184926846	0.807156815073154	0.83	0.79	0.777685441475702	0.802314558524298	0.86	0.83	0.86	0.96	1.18	0.81	0.81	0.8	0.96	0.71	1.05
"ENAV.MI"	"ENAV"	-1	2026-10-02	4.92	1	4.83237523035671	5.00762476964329	5.02	4.82	4.88105089260287	4.95894910739713	5.07	5.01	5.44	5.59	5.64	4.82	4.77	4.77	2.94	2.94	4.74
"ENEL.MI"	"ENEL"	-1	2026-10-02	8.8	1	8.63307069367768	8.96692930632232	9.02	8.64	8.69572858746268	8.90427141253732	9.09	8.9	9.07	10.09	10.31	8.64	8.6	8.6	5.48	3.96	9.05
"ENY.MI"	"ENERGY"	-1	2026-10-02	0.22	1	0.164966103498573	0.275033896501427	0.69	0.24	0.0681306952860924	0.371869304713908	0.7	0.69	0.72	0.84	0.9	0.63	0.62	0.56	0.67	0.64	0.93
"EPH.MI"	"E.P.H"	-1	2026-10-02	1.4	1	1.26962674539596	1.53037325460404	1.59	1.4	1.3160160925933	1.4839839074067	1.7	1.59	1.64	1.98	13.88	1.41	1.4	1.08	0.28	0.28	13.88
"EQUI.MI"	"EQUITA GROUP"	-1	2026-10-02	5.82	1	5.69052805542661	5.94947194457339	6.2	5.78	5.72394598589141	5.91605401410859	6.2	6.03	6.2	6.2	6.44	5.87	5.72	5.15	3.36	3.36	6.44
"ERFO.MI"	"LABORATORIO FARMACEUTICO ERFO"	-1	2026-10-02	1.08	1	1.05135626677661	1.10864373322339	1.16	1.05	1.06508264525703	1.09491735474297	1.16	1.16	1.18	1.32	1.8	1.07	1.08	1.05	0.88	0.88	1.8
"ERG.MI"	"ERG"	-1	2026-10-02	22.64	1	22.1593491163475	23.1206508836525	23.36	22.2	22.2653059856421	23.0146940143579	23.36	23	23.3	24.82	26.18	22.28	22.22	21.26	20.4	15.96	26.18
"ESAU.MI"	"ESAUTOMOTION"	-1	2026-10-02	3.1	1	3.04299746862825	3.15700253137175	3.26	3.08	3.02273920289545	3.17726079710455	3.38	3.14	3.88	4.04	5.06	3.08	3.3	2.84	2.85	2.4	5.08
"ESIGM.MI"	"ESI"	-1	2026-10-02	1.42	1	1.33233056342144	1.50766943657856	1.82	1.41	1.3185896162414	1.5214103837586	1.9	1.82	1.86	1.9	2.1	1.65	1.65	1.07	1.2	1.15	2.1
"EUK.MI"	"EUKEDOS"	-1	2026-10-01	0.56	1	0.552767951124236	0.567232048875764	0.56	0.48	0.53315080781701	0.58684919218299	0.56	0.52	0.67	0.71	3.5	0.48	0.58	0.45	0.66	0.66	0.84
"EVA.MI"	"ASKOLL EVA"	-1	2025-06-11	0.13	1	0.129319681374247	0.130680318625753	0.13	0.13	0.13	0.13	0.13	0.11	0.16	0.18	3.13	0.1	0.09	0.08	0.9	0.66	4.54
"FARM.MI"	"H-FARM"	-1	2026-10-02	0.21	1	0.205531414156606	0.214468585843394	0.22	0.2	0.21	0.21	0.22	0.21	0.23	0.29	0.93	0.2	0.16	0.15	0.11	0.18	0.31
"FBK.MI"	"FINECOBANK"	-1	2026-10-02	21.73	1	21.1806102810947	22.2793897189053	23.61	21.04	21.1159139731669	22.3440860268331	23.61	22.54	23.4	25.05	23.07	21.54	22.13	21.04	10.59	10.59	17.29
"FCH.MI"	"FRANCHETTI"	-1	2026-10-02	5.75	1	5.593731689163	5.906268310837	6.3	5.55	5.65306907410117	5.84693092589883	6.3	6.3	6	6.3	8.4	5.8	5.55	4.92	4.42	4.38	8.4
"FCM.MI"	"FRIULCHEM"	-1	2025-01-17	0.79	1	0.770219748851143	0.809780251148857	0.89	0.76	0.745723148706807	0.834276851293193	0.89	0.83	0.89	1.12	1.48	0.76	0.7	0.7	0.94	1.1	1.41
"FDA.MI"	"FIDIA"	-1	2026-10-02	0.01	1	0.00999539838791472	0.0100046016120853	0.01	0.01	0.01	0.01	0.01	0.02	0.17	85.8	134	0.02	0.11	0	135	141	355
"FF.MI"	"FINE FOODS & PHARMACEUTICALS NTM"	-1	2026-10-02	6.8	1	6.5591551609574	7.0408448390426	7.44	6.62	6.66716944612042	6.93283055387958	8.34	7.38	7.44	9.44	11.9	7.06	6.86	6.62	6.46	6.46	11.9
"FIC.MI"	"FIRST CAPITAL"	-1	2026-10-02	17.55	1	17.385437214415	17.714562785585	17.9	17.55	17.4346291216969	17.6653708783031	17.95	17.9	17.95	18.1	23	17.75	17.3	16.3	15.2	14.51	23
"FILA.MI"	"FILA"	-1	2026-10-02	10.48	1	10.2724093636934	10.6875906363066	10.93	10.39	10.3696533932267	10.5903466067733	10.93	10.93	10.9	10.96	11.74	10.39	10.22	7.99	8.12	7.72	11.74
"FNM.MI"	"FNM"	-1	2026-10-02	0.44	1	0.43301149990669	0.44698850009331	0.46	0.44	0.432699540884526	0.447300459115474	0.46	0.46	0.55	0.55	4.32	0.45	0.44	0.37	3.36	0.37	0.59
"FNX.MI"	"FENIX ENTERTAINMENT"	-1	2024-10-02	0	1	-7.11343805830721e-10	7.11343805830721e-10	0	0	0	0	0	0.01	0.4	3.04	4.32	0.01	0.25	0	3.36	5.25	7.05
"FRE.MI"	"FRENDY ENERGY"	-1	2026-10-02	0.17	1	0.167931892564753	0.172068107435247	0.18	0.17	0.165027548419012	0.174972451580988	0.18	0.18	0.25	0.27	38.6	0.17	0.22	0.17	21.6	0.17	0.3
"FTC.MI"	"FINANZA.TECH"	-1	2026-10-02	0.27	1	0.247899712458769	0.292100287541231	0.3	0.21	0.244623710989271	0.295376289010729	0.3	0.29	0.25	0.41	1.1	0.21	0.19	0.19	21.6	0.17	2.17
"FUM.MI"	"FRANCHI UMBERTO MARMI"	-1	2026-10-02	2.99	1	2.9094364703084	3.0705635296916	3.15	2.88	2.92018076715743	3.05981923284257	3.19	3.08	3.19	4.11	11.7	2.88	3	2.88	8	8.36	9.9
"FVI.MI"	"FERVI"	-1	2025-11-28	16.2	1	16.096404536697	16.303595463303	17.6	16.2	16.1636863480399	16.2363136519601	17.6	16.3	17.6	15.9	18	16.2	14.8	13.8	12.6	14.2	18.5
"GAB.MI"	"GABETTI"	-1	2026-10-02	0.37	1	0.354347193269251	0.385652806730749	0.4	0.35	0.357775003089957	0.382224996910043	0.43	0.43	0.45	0.77	1.35	0.35	0.31	0.3	0.41	0.41	2.48
"GAMB.MI"	"GAMBERO ROSSO"	-1	2026-10-02	0.31	1	0.292877106916677	0.327122893083323	0.39	0.31	0.280977462338595	0.339022537661405	0.39	0.35	0.39	0.39	0.68	0.31	0.24	0.22	0.21	0.21	0.58
"GBUS.MI"	"GIBUS"	-1	2025-04-09	9.95	1	9.90513224942451	9.99486775057549	10	9.95	9.89484786276346	10.0051521372365	10.15	9.98	10.15	10.15	17.9	9.96	9.94	7.2	2.9	10.6	17.7
"GCOM.MI"	"GIGLIO.COM"	-1	2026-10-01	0.55	1	0.53332609970333	0.56667390029667	0.58	0.51	0.523438853460468	0.576561146539532	0.63	0.58	0.61	0.67	17.9	0.51	0.6	0.51	0.8	0.8	1.31
"GE.MI"	"GEFRAN"	-1	2026-10-02	11.85	1	11.4992888305495	12.2007111694505	12.5	11.35	11.5243560901169	12.1756439098831	12.5	12.2	12.8	12.8	13.2	11.65	11.35	9.7	6.95	6.94	11.95
"GEL.MI"	"GEL"	-1	2026-10-01	2.5	1	2.46262475386647	2.53737524613353	2.5	2.4	2.45347221083229	2.54652778916771	2.5	2.48	2.54	3.26	2.76	2.4	2.34	2.3	1.2	1.2	1.88
"GEO.MI"	"GEOX"	-1	2026-10-02	0.27	1	0.262593387649116	0.277406612350884	0.3	0.27	0.261483693727474	0.278516306272526	0.3	0.3	0.29	0.31	1.2	0.29	0.27	0.25	0.64	0.64	1.2
"GG.MI"	"GIGLIO GROUP"	-1	2025-10-27	0.22	1	0.212451476261986	0.227548523738014	0.24	0.22	0.213842720737851	0.226157279262149	0.25	0.24	0.25	0.83	4.55	0.23	0.21	0.21	1.45	1.85	2.73
"GHC.MI"	"GAROFALO HEALTH CARE"	-1	2026-10-02	5.3	1	5.21230906575087	5.38769093424913	5.46	5.3	5.25368526211825	5.34631473788175	5.66	5.44	5.46	5.72	5.95	5.36	5.16	5.16	3.61	4.34	5.92
"GIS.MI"	"GISMONDI 1754"	-1	2026-10-01	1.56	1	1.52602364057973	1.59397635942027	1.64	1.56	1.51796390875649	1.60203609124351	1.64	1.64	1.66	1.72	8.3	1.58	1.48	1.23	3.45	1.72	8.3
"GML.MI"	"G.M. LEATHER"	-1	2026-10-01	0.65	1	0.635300750505223	0.664699249494777	0.72	0.65	0.633425161396705	0.666574838603295	0.72	0.72	0.79	0.79	1.85	0.69	0.66	0.65	3.45	1.5	1.85
"GO.MI"	"GO INTERNET"	-1	2024-08-02	0.7	1	0.679585946119976	0.720414053880024	0.81	0.7	0.658543018456702	0.741456981543298	0.88	0.79	0.88	0.88	539	0.7	0.72	0.6	234.5	234.5	645
"GPI.MI"	"GPI"	-1	2026-10-02	14.28	1	13.993406262548	14.566593737452	14.5	14	14.162433091297	14.397566908703	14.64	14.3	14.64	18.56	13.38	14.12	14.06	13.18	7.94	7.21	14.9
"GRAL.MI"	"GRIFAL"	-1	2026-10-02	0.57	1	0.552328908062329	0.587671091937671	0.61	0.55	0.557333526124467	0.582666473875533	0.61	0.61	0.64	1.66	3.14	0.55	0.58	0.55	1.8	1.8	3.14
"GROW.MI"	"GROWENS"	-1	2026-10-02	1.72	1	1.62623208203481	1.81376791796519	2.25	1.7	1.57996664447589	1.86003335552411	2.25	1.88	2.24	2.98	8.06	1.74	1.7	1.7	3.75	3.71	8.06
"GSP.MI"	"GAS PLUS"	-1	2026-10-02	6.74	1	6.50690929229214	6.97309070770786	7.33	6.33	6.51455172860072	6.96544827139928	7.33	6.74	7.33	7.33	2.97	6.33	6.48	5.3	2.25	2.25	7.94
"HER.MI"	"HERA"	-1	2026-10-02	3.53	1	3.46315013800106	3.59684986199894	3.67	3.48	3.46921303638892	3.59078696361108	3.75	3.59	3.71	4.45	4.47	3.48	3.51	3.48	2.12	1.98	4.47
"HQF.MI"	"HIGH QUALITY FOOD"	-1	2026-10-01	0.51	1	0.494072517750881	0.525927482249119	0.52	0.48	0.501982162742627	0.518017837257373	0.52	0.52	0.54	0.64	0.88	0.48	0.48	0.48	0.49	0.5	0.98
"IB.MI"	"INIZIATIVE BRESCIANE"	-1	2026-10-02	7.7	1	7.35019464071368	8.04980535928632	9.75	7.55	7.33182959033968	8.06817040966032	9.75	8.6	9.75	9.75	0.88	8.2	7.6	7.25	0.49	13.2	15.1
"ICC.MI"	"INTERNATIONAL CARE COMPANY"	-1	2026-10-01	1.07	1	1.06565897501591	1.07434102498409	1.09	1.07	1.07	1.07	1.13	1.09	1.44	1.44	0.88	1.07	1.1	0.95	0.49	13.2	2.99
"ICOS.MI"	"INTERCOS"	-1	2026-10-02	12.5	1	12.0637183315278	12.9362816684722	13.46	11.44	12.2009281757772	12.7990718242228	13.46	13.38	13.44	14.4	13.2	11.44	12.2	11.44	10.42	10.42	16.92
"IDNTT.MI"	"IDNTT"	-1	2026-10-02	3.16	1	3.12017364024128	3.19982635975872	3.28	3.08	3.13983583855963	3.18016416144037	3.28	3.16	3.28	3.28	3.74	3.1	3	2.8	2.1	2.1	3.74
"IE.MI"	"IERVOLINO & LADY BACARDI ENTERTAINMENT"	-1	2024-11-06	0.43	1	0.425002138879822	0.434997861120178	0.43	0.43	0.43	0.43	0.43	0.41	0.71	1.26	3.74	0.38	0.42	0.35	1.1	2.22	4.8
"IF.MI"	"BANCA IFIS"	-1	2026-10-02	10.75	1	10.1092126750723	11.3907873249277	15.33	10.75	8.99968809686909	12.5003119031309	15.33	12.5	15.33	15.8	27.64	11.55	14.73	12.02	10.55	10.55	27.72
"IG.MI"	"ITALGAS"	-1	2026-10-02	8.26	1	8.10284728377484	8.41715271622516	8.56	8.19	8.15602409408431	8.36397590591569	8.56	8.51	8.88	10.81	11.24	8.29	8.05	8.05	4.57	4.57	11.3
"IGV.MI"	"I GRANDI VIAGGI"	-1	2026-10-02	1.82	1	1.77682996280511	1.86317003719489	1.83	1.76	1.79392951228553	1.84607048771447	1.86	1.81	1.86	2.48	3.08	1.76	1.71	1.71	0.72	0.72	3.13
"IIG.MI"	"IIG"	-1	2024-07-31	0.16	1	0.1599986414876	0.1600013585124	0.16	0.16	0.16	0.16	0.16	0.17	0.4	0.76	1.1	0.14	0.09	0.09	0.12	0.12	1.18
"ILLA.MI"	"ILLA"	-1	2026-10-01	0	1	-8.91970934734107e-24	8.91970934734107e-24	0	0	0	0	0	0.11	8.2	1750	1.1	0.09	3.6	0	0.12	44000	74000
"IMS.MI"	"IMMSI"	-1	2026-10-02	0.51	1	0.497709683166354	0.522290316833646	0.54	0.5	0.497596526541079	0.522403473458921	0.55	0.54	0.55	0.58	0.71	0.51	0.5	0.45	0.34	0.34	0.71
"INC.MI"	"INNOVATEC"	-1	2026-10-02	0.22	1	0.204706551106086	0.235293448893914	0.28	0.22	0.202380704882443	0.237619295117557	0.29	0.28	0.3	0.33	0.71	0.27	0.17	0.17	0.34	0.16	2.53
"INDB.MI"	"INDEL B"	-1	2026-10-02	17.85	1	17.6037913802766	18.0962086197234	18.7	17.35	17.625015263033	18.074984736967	19.2	18.5	19.6	21	24.4	18.3	18.1	17.35	18.25	22	24.4
"INW.MI"	"INWIT"	-1	2026-10-02	6.5	1	6.3244245203013	6.6755754796987	6.74	6.18	6.38484124670031	6.61515875329969	6.74	6.56	6.74	10.64	10.8	6.34	6.18	5.97	8.85	8.81	12.64
"IP.MI"	"INTERPUMP GROUP"	-1	2026-10-02	35.44	1	34.6119713706153	36.2680286293847	36.7	35.28	34.9260794947521	35.9539205052479	37.26	36.7	37.26	39	32.2	35.36	33.64	33.62	25.48	30.1	51.3
"IRC.MI"	"IRCE"	-1	2026-10-02	2.21	1	2.14632016441959	2.27367983558041	2.37	2.2	2.15103456031773	2.26896543968227	2.46	2.27	2.46	2.46	2.32	2.22	2.28	1.89	1.77	1.77	2.32
"IRE.MI"	"IREN"	-1	2026-10-02	2.4	1	2.351777907863	2.448222092137	2.56	2.38	2.35637321117368	2.44362678882632	2.56	2.52	2.56	2.63	2.86	2.46	2.48	2.42	2.25	2.25	2.87
"ISC.MI"	"ISCC FINTECH"	-1	2026-10-02	0.89	1	0.852340349215424	0.927659650784576	0.96	0.85	0.855478148344009	0.924521851655991	0.99	0.95	0.99	0.99	4	0.86	0.92	0.73	2.96	2.25	7
"ITD.MI"	"INTRED"	-1	2026-10-02	8.98	1	8.75116952129525	9.20883047870475	9.08	8.56	8.80851649231896	9.15148350768104	9.22	9.02	9.04	10.1	13.65	8.84	8.56	8.5	9.1	9.02	13.65
"ITM.MI"	"ITALMOBILIARE"	-1	2026-10-02	25.05	1	24.5581732927423	25.5418267072577	26	24.95	24.7700618200113	25.3299381799887	26	26	25.95	30.3	33.9	24.95	24.8	24.8	20.45	24.35	33.9
"ITW.MI"	"IT WAY"	-1	2026-10-02	0.85	1	0.817392206763446	0.882607793236554	0.89	0.81	0.823563262324918	0.876436737675082	0.97	0.94	0.97	1.62	2.34	0.83	0.89	0.81	0.78	0.78	2.37
"IVG.MI"	"IVECO GROUP"	-1	2026-10-02	14.27	1	14.2261103165389	14.3138896834611	14.35	14.08	14.185380619475	14.354619380525	14.35	14.35	13.95	14.35	19.8	14.09	13.92	13.73	6.91	7.89	19.8
"IWB.MI"	"ITALIAN WINE BRANDS"	-1	2026-10-02	15.6	1	15.2291015973329	15.9708984026671	17.22	15.4	14.8764419416963	16.3235580583037	18.12	16.08	19	19.98	24.4	15.62	17.94	18.2	18.15	16.6	24.4
"JUVE.MI"	"JUVENTUS FC"	-1	2026-10-02	1.75	1	1.68024937937461	1.81975062062539	1.99	1.58	1.66938083013668	1.83061916986332	2.07	1.99	2.07	2.22	3.55	1.58	2.02	1.58	1.67	1.67	3.56
"KME.MI"	"KME GROUP"	-1	2026-10-02	0.9	1	0.867442306549098	0.932557693450902	0.95	0.88	0.885857864376269	0.914142135623731	0.96	0.94	1.04	1.04	0.94	0.89	0.88	0.81	0.82	0.8	0.94
"LDO.MI"	"LEONARDO"	-1	2026-10-02	47.39	1	46.0847763086405	48.6952236913595	50.85	47.2	46.3638311408581	48.4161688591419	51.28	49.71	51.28	60.76	64.92	48.9	48.6	44.25	5.76	5.76	66.26
"LFG.MI"	"LEONE FILM GROUP"	-1	2026-10-02	1.58	1	1.54071699268605	1.61928300731395	1.59	1.38	1.52350921498856	1.63649078501144	1.59	1.59	1.6	1.71	3.7	1.52	1.28	1.28	1.94	1.94	3.7
"LMG.MI"	"LUCISANO MEDIA GROUP"	-1	2026-10-02	1.04	1	1.02884530099965	1.05115469900035	1.08	1.02	1.02184317401994	1.05815682598006	1.09	1.08	1.12	1.12	1.5	1.02	0.99	0.98	0.8	0.8	1.45
"LNDR.MI"	"LANDI RENZO"	-1	2026-10-02	0.64	1	0.615220384002836	0.664779615997164	0.67	0.64	0.626740129117364	0.653259870882636	0.7	0.67	0.71	1.2	10.93	0.64	0.64	0.6	3.97	3.97	6.54
"LON.MI"	"LONGINO&CARDENAL"	-1	2026-10-02	1.27	1	1.2375021066263	1.3024978933737	1.31	1.08	1.22379810193709	1.31620189806291	1.31	1.31	1.27	1.7	10.93	1.13	1.01	0.75	3.97	2.02	4.98
"MAPS.MI"	"MAPS"	-1	2026-10-02	2.35	1	2.28454804613	2.41545195387	2.55	2.26	2.24830826586586	2.45169173413414	2.64	2.55	2.63	2.93	3.8	2.49	2.52	2.26	2.24	2.24	3.8
"MARP.MI"	"MARZOCCHI POMPE"	-1	2026-10-01	2.12	1	2.07258680471764	2.16741319528236	2.2	2.04	2.05842720737851	2.18157279262149	2.24	2.08	2.32	2.38	4.68	2.06	2.08	2.04	3.52	3.52	4.16
"MARR.MI"	"MARR"	-1	2026-10-02	5.23	1	5.07495906419457	5.38504093580543	5.67	5.18	5.06136455862449	5.39863544137551	5.96	5.58	6.58	6.99	15.52	5.27	6.13	6.47	9.32	9.32	15.52
"MASI.MI"	"MASI AGRICOLA"	-1	2026-10-02	4.22	1	4.14746084293302	4.29253915706698	4.36	4.12	4.15063870668024	4.28936129331975	4.4	4.36	4.4	5	5.68	4.2	3.98	3.98	3.69	3.74	4.66
"MEV.MI"	"MEVIM"	-1	2026-10-02	0.09	1	0.0815888718419645	0.0984111281580355	0.12	0.09	0.0794909771891217	0.100509022810878	0.12	0.11	0.16	0.16	3.62	0.1	0.09	0.03	1.3	1.3	4.35
"MFEA.MI"	"MFE A"	-1	2026-10-02	2.18	1	2.1129501655435	2.2470498344565	2.39	2.15	2.0979654321053	2.2620345678947	2.56	2.38	2.73	3.16	3.87	2.28	2.45	2.15	2.52	2.52	3.87
"MFEB.MI"	NA	-1	2026-10-02	2.9	1	2.79855858244944	3.00144141755056	3.33	2.85	2.73218108922655	3.06781891077345	3.57	3.2	3.76	3.82	5.35	3.1	3.5	2.85	3.04	3.04	4.05
"MFT.MI"	"MATICA FINTEC"	-1	2026-10-01	2.1	1	2.06569379019347	2.13430620980653	2.14	1.98	2.06281912343129	2.13718087656871	2.16	2.1	2.16	2.42	1.92	1.98	2	1.78	1.5	1.5	1.92
"MIT.MI"	"MITTEL"	-1	2025-03-07	1.75	1	1.74896181747994	1.75103818252006	1.75	1.75	1.75	1.75	1.75	1.76	1.69	1.76	1.91	1.75	1.52	1.32	1.12	1.32	1.91
"MN.MI"	"MONDADORI EDIT"	-1	2026-10-02	2.03	1	1.99716442119124	2.06283557880876	2.12	2.01	2.00594648822788	2.05405351177212	2.12	2.12	2.16	2.19	2.67	2.08	2.07	2.01	1.89	1.87	2.24
"MNL.MI"	"MONNALISA"	-1	2026-10-02	0.66	1	0.651256381617738	0.668743618382262	0.67	0.66	0.657327387580876	0.662672612419124	0.7	0.67	0.7	1.31	1.89	0.65	0.59	0.53	0.5	0.5	1.89
"MOL.MI"	"MUTUIONLINE"	-1	2026-10-02	30.4	1	28.9886995610422	31.8113004389578	36.15	28.25	27.47602746514	33.32397253486	36.75	36.3	36.75	39.85	50.5	28.25	33.4	28.25	31.2	19.23	50.5
"MON.MI"	"MONRIF"	-1	2024-07-12	0.04	1	0.0384758898970793	0.0415241101029207	0.04	0.04	0.04	0.04	NA	0.04	0.06	0.07	50.5	0.03	0.03	0.03	31.2	0.05	0.31
"MONC.MI"	"MONCLER"	-1	2026-10-02	43.7	1	42.526718415531	44.873281584469	45.4	42.77	43.2163304188433	44.1836695811567	46.71	45.4	48.25	52.76	59.4	43.56	42.77	42.77	45.46	45.46	59.4
"MQSPA.MI"	"MEGLIOQUESTO"	-1	2026-10-01	0.22	1	0.22	0.22	0.22	0.22	0.22	0.22	0.22	0.25	0.4	0.56	59.4	0.19	0.36	0.19	45.46	45.46	4.39
"MTS.MI"	"MIT SIM"	-1	2026-10-02	1.6	1	1.5169064028517	1.6830935971483	1.88	1.53	1.52259355167844	1.67740644832156	1.88	1.67	1.81	1.88	59.4	1.57	1.41	1.47	45.46	1.26	2.68
"MTV.MI"	"MONDO TV"	-1	2026-10-02	0.03	1	0.0279347457880181	0.0320652542119819	0.03	0.02	0.0248112547833723	0.0351887452166277	0.03	0.05	0.09	0.78	2.81	0.02	0.02	0.02	0.84	1.05	2.32
"MTVFR.MI"	"MONDO TV FRANCE"	-1	2026-10-02	0	1	-8.29997021925174e-06	8.29997021925174e-06	0	0	0	0	0	0.01	0.15	0.2	2.81	0.01	0.04	0	0.84	0.09	0.88
"NEXI.MI"	"NEXI"	-1	2026-10-02	4.05	1	3.95260280268655	4.14739719731345	4.26	4.03	4.00047478164867	4.09952521835133	4.26	4.21	4.26	4.52	5.71	4.13	4.06	3.29	2.75	2.64	5.71
"NOV.DE"	NA	-1	2026-10-02	33.21	1	32.2804447304174	34.1395552695826	37.65	32.93	31.6182532574848	34.8017467425152	40.05	34.1	41.46	45.32	138.34	33.56	33.05	35.51	30.24	30.24	138.48
"NPI.MI"	"NOTORIOUS PICTURES"	-1	2026-10-02	0.93	1	0.89675975691531	0.96324024308469	0.96	0.88	0.890853894415695	0.969146105584305	0.96	0.94	0.95	0.96	1.84	0.88	0.79	0.6	1.35	1.35	1.84
"NRST.MI"	"NEUROSOFT"	-1	2026-10-01	0.57	1	0.562599856423697	0.577400143576303	0.6	0.56	0.539320873688959	0.600679126311041	0.67	0.6	0.67	0.68	0.96	0.56	0.62	0.56	0.46	0.46	0.93
"NSP.MI"	"NEOSPERIENCE"	-1	2026-10-01	0.44	1	0.439999999999183	0.440000000000817	0.44	0.44	0.44	0.44	0.44	0.47	0.52	2.24	3.8	0.42	0.42	0.42	1.32	1.51	2.73
"NTW.MI"	"NETWEEK"	-1	2025-12-30	0.04	1	0.0393033037624479	0.0406966962375521	0.04	0.04	0.0373273875808758	0.0426726124191242	0.05	0.05	0.13	0.53	0.5	0.04	0.02	0.01	1.95	1.93	6.23
"NUS.MI"	"NUSCO"	-1	2026-10-02	0.44	1	0.416300910717663	0.463699089282337	0.52	0.39	0.408964748862192	0.471035251137808	0.52	0.46	0.52	0.52	1.19	0.42	0.38	0.37	0.64	0.82	1.2
"NWL.MI"	"NEWLAT FOOD"	-1	2026-10-02	17.34	1	16.6185031735011	18.0614968264989	18.83	16.92	16.7340655205333	17.9459344794667	19.99	18.83	19.99	19.99	26.1	17.2	15.45	13.92	4.18	4.18	26.15
"OLI.MI"	"OLIDATA"	-1	2026-10-02	1.49	1	1.42719875973574	1.55280124026426	1.58	1.47	1.46241397072812	1.51758602927188	1.59	1.57	1.58	1.98	10.7	1.47	1.47	1.46	7.08	1.25	9.2
"OMER.MI"	"OMER"	-1	2026-10-02	3.62	1	3.54426984338258	3.69573015661742	3.69	3.37	3.50990513581062	3.73009486418939	3.69	3.66	3.46	3.69	5.38	3.39	3.34	3.03	3.55	2.15	5.38
"ORS.MI"	"ORSERO"	-1	2026-10-02	14.88	1	14.3819464508415	15.3780535491585	16.52	14.72	14.4280639936383	15.3319360063617	17.7	15.58	17.7	17.7	20.18	15.14	14.78	14.52	13.72	11.02	20.18
"PFI.MI"	"PREMIA FINANCE"	-1	2026-09-22	0.52	1	0.490486002639516	0.549513997360484	0.65	0.52	0.465650702361059	0.574349297638941	0.69	0.57	0.69	0.8	3.13	0.54	0.51	0.51	1.39	1.38	3.3
"PHIL.MI"	"PHILOGEN"	-1	2026-10-02	22.2	1	21.5961106570827	22.8038893429173	23.75	21.75	21.5962115937181	22.8037884062819	23.85	22.6	23.85	26	27.8	21.75	21.8	19.56	16.5	12.6	27.8
"PHN.MI"	"PHARMANUTRA"	-1	2026-10-02	70.2	1	67.2134551318812	73.1865448681188	74.5	69.8	68.4298569003025	71.9701430996975	83.4	74	83.2	95.9	63.4	70.2	70.6	69.5	43.55	38.75	72.4
"PIA.MI"	"PIAGGIO"	-1	2026-10-02	1.88	1	1.83968018931373	1.92031981068627	1.97	1.86	1.84896474886219	1.91103525113781	2.01	1.96	2.08	2.11	3.84	1.91	1.86	1.44	2.04	1.61	2.11
"PINF.MI"	"PININFARINA SPA"	-1	2026-10-02	1	1	0.985021075130331	1.01497892486967	1	0.99	0.943679683754634	1.05632031624537	1.02	1.02	0.83	1.02	0.94	0.81	0.77	0.7	0.67	0.66	0.84
"PIRC.MI"	"PIRELLI & C"	-1	2026-10-02	6.57	1	6.43505699341193	6.70494300658807	6.8	6.38	6.45796586077606	6.68203413922394	6.8	6.72	6.86	7.16	6.26	6.41	6.18	6.18	6.26	4.69	6.31
"PLN.MI"	"PLANETEL"	-1	2026-10-02	3.94	1	3.86248825214261	4.01751174785739	3.94	3.76	3.88828225377373	3.99171774622627	3.96	3.9	3.96	4.34	6.4	3.82	3.78	3.76	3.58	3.58	10
"POPR.MI"	"POLIGRAFICI PRINTING"	-1	2026-10-01	0.51	1	0.498038594073412	0.521961405926588	0.52	0.48	0.498612711926436	0.521387288073564	0.57	0.52	0.57	0.61	0.65	0.51	0.47	0.46	0.39	0.3	0.65
"POR.MI"	"PORTOBELLO"	-1	2026-10-02	0.96	1	0.924102581407869	0.995897418592131	1	0.92	0.939086783189508	0.980913216810492	1.06	1	1.05	1.15	52.19	0.92	0.91	0.63	0.87	0.87	2.1
"PQ.MI"	"PIQUADRO"	-1	2026-10-02	2.42	1	2.3675490474986	2.4724509525014	2.51	2.39	2.39726164106553	2.44273835893447	2.63	2.48	2.51	3.1	2.77	2.41	2.39	2.38	1.8	1.76	2.4
"PRM.MI"	"PRISMI"	-1	2025-04-15	0.07	1	0.0699998797911994	0.0700001202088006	0.07	0.07	0.07	0.07	0.07	0.06	0.13	1.55	3.1	0.05	0.07	0.05	0.07	1.12	1.55
"PRO.MI"	"BCA PROFILO"	-1	2026-10-02	1.52	1	1.47885372362471	1.56114627637529	1.64	1.46	1.48147642365945	1.55852357634055	1.71	1.61	1.76	2.02	2.38	1.58	1.63	1.46	1.46	1.77	2.38
"PTR.MI"	"PATTERN"	-1	2026-10-02	2.44	1	2.33734292787582	2.54265707212418	2.68	2.34	2.29957677785109	2.58042322214891	2.86	2.5	2.86	2.96	7.78	2.34	2.44	2.18	5.3	4.72	8.06
"PWS.MI"	"POWERSOFT"	-1	2026-10-02	15.5	1	15.0831330385648	15.9168669614352	15.75	14.65	15.2576443445342	15.7423556554658	15.85	15.75	15.75	20	23.5	15.5	14.65	14.1	11.4	3.8	23.5
"RACE.MI"	"FERRARI"	-1	2026-10-02	343.5	1	335.061592105422	351.938407894578	368.4	341.65	336.1708310817	350.8291689183	368.4	367.05	372.85	373	489.5	353.75	344.4	272.3	347	161.4	492.8
"RAD.MI"	"RADICI"	-1	2026-10-01	0.85	1	0.835882485238129	0.864117514761871	0.89	0.82	0.836719426730234	0.863280573269766	0.92	0.89	0.91	1.04	1.34	0.86	0.87	0.82	0.98	0.91	1.61
"RAT.MI"	"RATTI"	-1	2026-10-02	1.04	1	1.01579124819649	1.06420875180351	1.12	1	1.02553139055263	1.05446860944737	1.12	1.05	1.12	1.26	1.99	1	1.03	0.98	1.81	1.69	2
"RCS.MI"	"RCS MEDIAGROUP"	-1	2026-10-02	0.83	1	0.806369904091316	0.853630095908684	0.95	0.83	0.789264994668705	0.870735005331295	0.98	0.95	0.98	0.98	1.99	0.93	0.92	0.87	1.81	0.87	1.19
"RDF.MI"	"REDELFI"	-1	2026-10-02	11.4	1	11.0761074746825	11.7238925253175	11.98	11.2	11.2273859669795	11.5726140330205	11.98	11.92	11.3	11.98	13.28	11.26	10.6	10.26	3.97	9.42	13.54
"REC.MI"	"RECORDATI ORD"	-1	2026-10-02	52.6	1	52.2889345325053	52.9110654674947	53.2	52.35	52.4166250463494	52.7833749536506	53.2	53.2	53.2	53.7	60.95	52.55	51.55	51.55	43.98	43.76	55.35
"RETI.MI"	"RETI"	-1	2026-10-01	1.63	1	1.59324087613223	1.66675912386777	1.66	1.61	1.59850780665374	1.66149219334626	1.77	1.66	1.77	1.89	2.64	1.62	1.52	1.48	1.57	1.57	2.64
"REY.MI"	"REPLY"	-1	2026-10-02	122.1	1	118.329548218945	125.870451781055	125	112.1	119.579436222144	124.620563777856	125	118.5	121.4	124.2	167.5	114.8	113.4	76.8	82.35	82.35	169.5
"RFG.MI"	"RACING FORCE"	-1	2026-10-02	5	1	4.89488603826701	5.10511396173299	5.46	4.96	4.92336758210439	5.07663241789561	5.46	5.46	5.12	5.54	5.6	4.96	4.96	4.46	4.34	3.53	5.6
"RKT.MI"	"ROCKET SHARING COMPANY"	-1	2026-10-02	0.43	1	0.410578287874963	0.449421712125037	0.44	0.38	0.414593422269607	0.445406577730393	0.44	0.44	0.4	0.66	0.88	0.39	0.37	0.24	0.24	0.23	0.74
"RWAY.MI"	"RAI WAY"	-1	2026-10-02	4.34	1	4.26813288251874	4.41186711748126	4.49	4.26	4.28212081548605	4.39787918451395	4.57	4.39	4.81	6.25	6.28	4.26	4.4	4.26	4.61	4.61	5.9
"S3D.MI"	"SOLID WORLD GROUP"	-1	2026-10-01	0.38	1	0.360322809825879	0.399677190174121	0.42	0.37	0.369005495878435	0.390994504121566	0.47	0.42	0.47	0.94	3.26	0.39	0.27	0.27	2.08	1.19	4.72
"SAB.MI"	"SABAF"	-1	2026-10-02	11.35	1	11.0195905956422	11.6804094043578	12.25	11.1	10.9285295234096	11.7714704765904	12.25	12.2	12.05	14.6	19.45	10.5	10.25	10.25	13.3	13.22	19.75
"SCF.MI"	"SALCEF GROUP"	-1	2024-11-15	26	1	25.9358534517208	26.0641465482792	26	25.75	25.9450274793922	26.0549725206078	26	25.95	25.85	26.35	25.2	25.75	25.75	21.15	12.94	12.94	25.6
"SCK.MI"	"SCIUKER FRAMES"	-1	2026-10-01	0.94	1	0.939999999999091	0.940000000000909	0.94	0.94	0.94	0.94	0.94	0.99	1.08	4.09	11.3	0.93	0.92	0.73	0.65	5.42	8.68
"SEIF.MI"	"SOCIETA' EDITORIALE IL FATTO"	-1	2026-10-01	0.24	1	0.235812967166166	0.244187032833834	0.24	0.23	0.235741846863737	0.244258153136263	0.25	0.25	0.28	0.28	11.3	0.23	0.22	0.21	0.65	0.27	0.38
"SERI.MI"	"SERI INDUSTRIAL"	-1	2026-10-02	2.3	1	2.26589379579839	2.33410620420161	2.37	2.3	2.28071326824011	2.31928673175989	2.38	2.35	3.03	3.99	4.75	2.32	2.28	2.28	1.46	1.46	8.95
"SES.MI"	"SESA"	-1	2026-10-02	93.35	1	90.3213683750805	96.3786316249195	98.4	90.5	91.3535161402611	95.3464838597389	99.7	95.15	99.7	100	97.8	90.5	88.4	82.55	55.2	55.2	107.4
"SG.MI"	"SAES GETTERS"	-1	2024-07-05	27.95	1	27.767708757247	28.132291242753	28.05	27.8	27.7793113495729	28.1206886504271	28.05	28	28	38.55	28.05	27.85	27.45	25.95	19.64	19.64	28.05
"SGC.MI"	"SG COMPANY"	-1	2026-10-02	0.31	1	0.298176768598203	0.321823231401797	0.33	0.3	0.300831252317468	0.319168747682532	0.33	0.33	0.31	0.33	28.05	0.3	0.28	0.23	19.64	0.2	0.39
"SGF.MI"	"SOGEFI"	-1	2026-10-02	2.03	1	1.97523727642902	2.08476272357098	2.16	2.01	1.9941661342573	2.0658338657427	2.16	2.08	2.15	2.16	3.49	2.01	2.04	1.74	1.63	1.63	3.59
"SIAV.MI"	"SIAV"	-1	2026-10-01	2.54	1	2.43977497314749	2.64022502685251	3.16	2.44	2.34502465639116	2.73497534360884	3.16	3.14	3	3.16	4.52	2.8	2.78	1.76	3.34	1.67	3.8
"SIT.MI"	"SIT"	-1	2026-10-02	2.32	1	2.21125019459164	2.42874980540836	2.46	2.27	2.28108617579464	2.35891382420536	2.57	2.46	2.48	2.78	3.02	2.32	2.31	1.99	0.84	0.84	11.95
"SL.MI"	"SANLORENZO"	-1	2026-10-02	35.72	1	34.848697075572	36.591302924428	37.44	35.66	35.3452444019874	36.0947555980126	39.9	37.24	37.44	40	36.65	36.12	36.24	34.94	28.1	25.2	46.3
"SOL.MI"	"SOL"	-1	2026-10-02	55.2	1	53.474242066188	56.925757933812	56.9	53.5	54.1231456065858	56.2768543934142	59	56.6	58.5	64	27.85	55	52.6	52	24	15.12	22.85
"SOS.MI"	"SOSTRAVEL.COM"	-1	2026-10-02	0.24	1	0.232691130233602	0.247308869766398	0.27	0.23	0.23062385538123	0.24937614461877	0.28	0.27	0.32	0.89	1.48	0.25	0.27	0.43	1	0.68	1.68
"SRG.MI"	"SNAM"	-1	2026-10-02	5.61	1	5.51858563861634	5.70141436138366	5.69	5.5	5.56514982205678	5.65485017794322	5.69	5.69	5.87	6.83	5.2	5.5	5.44	5.4	4.12	4.11	5.2
"STLAM.MI"	"STELLANTIS"	-1	2026-10-02	3.88	1	3.71538888990244	4.04461111009756	4.32	3.81	3.66912531714752	4.09087468285247	4.87	4.19	4.87	7.53	27.19	3.81	4.38	5.51	7.27	11.16	27.35
"SVS.MI"	"SVAS BIOSANA"	-1	2026-10-02	7.8	1	7.6883812733543	7.9116187266457	8.04	7.8	7.71005496183719	7.88994503816281	8.08	8	8.04	9.78	10.8	7.84	7.82	7.7	6.48	6.9	10.8
"TB.MI"	"TRIBOO"	-1	2026-10-02	0.33	1	0.318335911914852	0.341664088085148	0.35	0.32	0.320831252317468	0.339168747682532	0.36	0.36	0.37	0.47	1.87	0.33	0.29	0.29	0.87	0.24	1.47
"TCM.MI"	"TECMA SOLUTIONS"	-1	2026-10-02	0.9	1	0.864546016683303	0.935453983316697	1.15	0.84	0.808249621972812	0.991750378027188	1.36	1.14	1.34	2.98	1.87	1.12	1.33	0.84	0.87	4.6	11.8
"TD.MI"	"TRENDEVICE"	-1	2026-07-03	0.08	1	0.0799999999704314	0.0800000000295686	0.08	0.08	0.08	0.08	0.08	0.1	0.24	0.29	1.31	0.09	0.05	0.05	0.87	0.84	0.95
"TFIN.MI"	"TREVI FIN IND"	-1	2026-10-02	4.87	1	4.77057861864684	4.96942138135316	5.09	4.69	4.73735778935815	5.00264221064185	5.09	5.09	4.79	5.09	16.14	4.69	4.58	2.9	4.37	4.34	16.32
"TGYM.MI"	"TECHNOGYM"	-1	2026-10-02	12.93	1	12.5801362462701	13.2798637537299	13.76	12.63	12.6297903662841	13.2302096337159	13.76	13.76	13.35	21.82	12.09	13.01	12.02	11.92	5.85	5.85	12.09
"TIME.MI"	"COMPAGNIA DEI CARAIBI"	-1	2026-09-22	0.4	1	0.397328359817803	0.402671640182197	0.4	0.39	0.397327387580876	0.402672612419124	0.41	0.4	0.45	0.52	5.12	0.39	0.34	0.23	0.21	0.23	0.59
"TIP.MI"	"TAMBURI"	-1	2026-10-02	8.51	1	8.31255279609822	8.70744720390178	8.96	8.49	8.39644360456119	8.62355639543881	9.92	8.95	8.96	10.22	10.26	8.65	8.54	8.45	6.47	6.47	10.12
"TISG.MI"	"THE ITALIAN SEA GROUP"	-1	2026-10-02	1.11	1	1.0341470559503	1.1858529440497	1.29	1.1	1.04994508008004	1.17005491991997	1.38	1.16	1.49	2.6	11.26	1.12	1.1	0.9	6.7	6.47	11.28
"TNX.MI"	"TENAX INTERNATIONAL"	-1	2026-10-02	0.58	1	0.558844344826616	0.601155655173384	0.8	0.58	0.506601344444447	0.653398655555552	0.81	0.8	1.74	1.9	2.4	0.77	0.8	1.23	1.64	1.64	2.4
"TNXT.MI"	"TINEXTA"	-1	2026-09-15	15.02	1	14.9712814276314	15.0687185723686	15.1	14.96	14.9938033640277	15.0461966359723	15.1	15.1	15.05	16.5	20.7	14.97	14.94	14.93	7.32	7.32	20.7
"TPS.MI"	"TPS"	-1	2026-10-02	8.05	1	7.91782008682866	8.18217991317134	8.6	8.05	7.83567765880789	8.26432234119211	8.75	8.2	8.6	8.6	5.95	8.1	7.4	7.4	5.3	4.6	9.3
"TRN.MI"	"TERNA"	-1	2026-10-02	9.15	1	8.99628148282995	9.30371851717005	9.42	9.05	9.05760809702001	9.24239190297999	9.46	9.35	10.38	10.4	9.1	9.05	8.98	8.89	8.24	8.24	9.1
"TSL.MI"	"TESSELLIS"	-1	2026-10-02	0.08	1	0.0789788184319149	0.0810211815680851	0.09	0.08	0.074864474089869	0.085135525910131	0.09	0.1	0.11	0.82	9.1	0.07	0.06	0.06	8.24	0.3	2.34
"TWL.MI"	"TRAWELL CO"	-1	2026-10-02	23.2	1	22.5235158981249	23.8764841018751	25	22.2	22.6189815686379	23.781018431362	25	25	25	25	34	23.6	22.6	21.65	28.9	28.6	34
"TYA.MI"	"TOSCANA AEROPORTI"	-1	2026-10-01	18.15	1	17.8074131371463	18.4925868628537	18.25	17.25	17.9988142107963	18.3011857892037	18.3	18.15	19.6	19.95	20.6	17.4	17.25	17.2	16.5	15.4	20.6
"U24.MI"	"UCAPITAL24"	-1	2026-10-02	0.16	1	0.153721100982547	0.166278899017453	0.2	0.15	0.152550536563315	0.167449463436685	0.2	0.19	0.46	0.8	20.6	0.16	0.2	0.15	16.5	0.1	2.98
"UBM.MI"	"ULISSE BIOMED"	-1	2025-12-19	0.79	1	0.763567900006508	0.816432099993492	0.83	0.78	0.780027510368491	0.799972489631509	0.9	0.81	0.83	1.05	3.28	0.79	0.78	0.77	0.7	0.97	3.28
"UD.MI"	"UNIDATA"	-1	2026-10-02	3.13	1	3.02481905594271	3.23518094405729	3.52	3.12	3.02539976677268	3.23460023322732	3.57	3.45	3.57	3.57	3.58	3.31	3.11	2.75	2.32	2.32	3.58
"US.MI"	"UNIPOLSAI"	-1	2024-07-01	2.53	1	2.52189858761645	2.53810141238355	2.53	2.51	2.52502754841901	2.53497245158099	2.53	2.53	2.7	2.7	2.35	2.51	2.67	2.2	2.07	2.07	2.77
"VE.MI"	"VISIBILIA EDITORE"	-1	2025-09-22	0.03	1	0.0299999961856666	0.0300000038143334	0.03	0.03	0.03	0.03	0.03	0.4	0.42	1.94	2.35	0.32	0.14	0.17	2.07	357.18	2971.74
"VIA.MI"	"VIANINI"	-1	2024-08-02	0.86	1	0.859149966584425	0.860850033415575	0.86	0.86	0.86	0.86	0.86	0.87	0.88	0.88	1.3	0.86	0.77	0.75	0.74	0.79	1.3
"VLS.MI"	"VALSOIA"	-1	2026-10-02	10.35	1	10.2081277570341	10.4918722429659	10.7	10.25	10.2705098665325	10.4294901334675	10.7	10.6	10.5	10.6	11.85	10.3	10.2	10	9.94	8.76	11.95
"VNT.MI"	"VANTEA SMART"	-1	2026-10-02	0.7	1	0.683315467994931	0.716684532005069	0.75	0.68	0.67971358923963	0.72028641076037	0.76	0.75	0.83	1.32	11.85	0.72	0.68	0.68	1.25	1.16	2.68
"WBD.MI"	"WEBUILD"	-1	2026-10-02	1.93	1	1.86761293653863	1.99238706346137	2.03	1.88	1.8974778182206	1.9625221817794	2.2	1.97	2.03	3.67	4.31	1.88	1.86	1.86	1.15	1.15	4.31
"WBS.MI"	"WEBSOLUTE"	-1	2026-10-02	1.14	1	1.10580592603595	1.17419407396405	1.23	1.12	1.08913387534554	1.19086612465446	1.23	1.22	1.23	1.5	2.14	1.12	0.94	0.94	0.89	1.01	2.14
"XPR.MI"	"EXPRIVIA"	-1	2024-07-16	1.52	1	1.41870341382383	1.62129658617617	2.08	1.49	1.38793899178747	1.65206100821253	2.08	2.08	1.72	2.08	2.59	1.86	1.51	1.5	1.13	1.12	2.7
"YOLO.MI"	"YOLO GROUP"	-1	2026-10-02	0.53	1	0.510048670183548	0.549951329816452	0.64	0.5	0.489346005697506	0.570653994302495	0.64	0.64	0.63	1.35	2.59	0.5	0.58	0.5	1.13	1.12	4
"ZEST.MI"	"ZEST"	-1	2026-10-02	0.13	1	0.121223648234216	0.138776351765784	0.14	0.12	0.125253688534507	0.134746311465493	0.14	0.14	0.15	0.19	0.41	0.12	0.11	0.11	0.1	0.1	0.63
"ZUC.MI"	"ZUCCHI"	-1	2026-10-02	0.42	1	0.396719059922652	0.443280940077348	0.55	0.42	0.388446800548845	0.451553199451155	0.56	0.54	0.52	0.65	4.28	0.51	0.51	0.54	1.87	0.83	0.99
"ZV.MI"	"ZIGNAGO VETRO"	-1	2026-10-02	6.11	1	5.95547846284695	6.26452153715305	6.69	6.03	5.91479934246193	6.30520065753807	7.04	6.55	7.09	7.95	18.84	6.41	6.78	6.03	11.96	10.46	18.88
"AEDES.MI"	"AEDES"	0	2026-10-02	0.86	1	0.828560586215623	0.891439413784377	0.87	0.8	0.845230711996448	0.874769288003552	NA	0.84	0.9	0.9	1.41	0.81	0.8	0.78	0.52	0.67	0.92
"AV.MI"	"ANTARES VISION"	0	2026-03-30	5	1	4.97070643860483	5.02929356139517	5.02	4.82	4.97519305308216	5.02480694691784	NA	5	5.06	5.2	14	4.99	4.82	4.82	1.33	1.3	14
"BE.MI"	"BEGHELLI"	0	2025-04-23	0.34	1	0.339935566368145	0.340064433631855	0.34	0.34	0.34	0.34	NA	0.24	0.25	0.5	8.86	0.23	0.23	0.22	2.49	0.14	0.5
"BIA.MI"	"BIALETTI INDUSTRIE"	0	2025-08-05	0.47	1	0.469587855438383	0.470412144561617	0.47	0.47	0.47	0.47	NA	0.3	0.29	0.32	57.65	0.24	0.23	0.16	27.14	0.15	0.34
"COP.MI"	"COPERNICO"	0	2026-10-01	7.7	1	7.67403055756737	7.72596944243263	8.1	7.7	7.51602675779844	7.88397324220156	NA	8.1	8.2	8.4	57.2	7.7	7.4	6.35	24.4	2.8	8.48
"CYB.MI"	"CYBEROO"	0	2026-10-02	1.16	1	1.11793376397722	1.20206623602278	1.23	1.13	1.13348025823473	1.18651974176527	NA	1.19	1.28	1.38	2.02	1.14	1.17	1.12	0.88	0.88	3.64
"EEMS.MI"	"EEMS"	0	2026-01-19	0.15	1	0.147944446359312	0.152055553640688	0.17	0.15	0.140712172683359	0.159287827316641	NA	0.17	0.26	0.36	18.7	0.16	0.12	0.12	11.45	0.12	0.37
"FOS.MI"	"FOS"	0	2025-07-18	3.5	1	3.49085541898377	3.50914458101623	3.54	3.5	3.48777500308996	3.51222499691004	NA	3.54	3.56	3.56	4.14	3.52	3.4	2.06	2.92	2.85	4.14
"GTH.MI"	"GREENTHESIS"	0	2024-09-20	2.3	1	2.2921247215646	2.3078752784354	2.3	2.28	2.29171258069835	2.30828741930165	NA	2.28	2.23	2.3	1.32	2.27	2.2	0.89	0.8	0.78	1.32
"ICF.MI"	"INDUSTRIE CHIMICHE FORESTALI"	0	2026-10-02	6	1	5.8302293817738	6.1697706182262	6.8	5.95	5.73709150047806	6.26290849952194	NA	6.3	6.8	6.8	6.74	6.05	6.5	5.7	4.1	4.1	6.76
"OJM.MI"	"OPENJOBMETIS"	0	2024-07-05	16.45	1	16.3875404155376	16.5124595844624	16.55	16.4	16.4087289847072	16.4912710152928	NA	16.55	16.45	16.55	10.7	16.45	16.25	7.88	7.08	7.08	13.7
"OSA.MI"	"OSAI AUTOMATION SYSTEM"	0	2026-10-01	0.38	1	0.37999999999957	0.38000000000043	0.38	0.38	0.38	0.38	NA	0.4	0.53	1.6	49.4	0.36	0.18	0.18	1.12	1.12	1.84
"PLC.MI"	"PLC"	0	2026-10-02	3.07	1	3.05563346123668	3.08436653876332	3.09	3.06	3.06269954088453	3.07730045911547	NA	3.08	3.09	3.8	1.9	3.06	3.04	3.02	1.41	1.37	1.91
"S24.MI"	"IL SOLE 24 ORE"	0	2025-08-06	1.1	1	1.09368997450785	1.10631002549215	1.11	1.1	1.09732738758088	1.10267261241912	NA	1.11	1.16	1.16	6.28	1.1	1.07	0.61	4.61	0.36	0.74
"SFT.MI"	"SOFTLAB"	0	2026-10-02	1.48	1	1.43145596382723	1.52854403617277	1.49	1.38	1.45072299781154	1.50927700218846	NA	1.48	1.49	1.98	4.2	1.42	1.41	1.28	0.45	0.45	4.3
"SPN.MI"	"SPINDOX"	0	2026-01-28	12.95	1	12.9356394976787	12.9643605023213	13	12.95	12.9366369379044	12.9633630620956	NA	13	12.85	13	11.45	12.95	12.55	10.25	7	8.02	11.3
"TALEA.MI"	"TALEA GROUP"	0	2026-10-01	4.8	1	4.79999999987014	4.80000000012986	4.8	4.8	4.8	4.8	NA	4.98	5.72	5.54	43	4.49	3.02	3.02	9.04	9.04	14.42
"WIIT.MI"	"WIIT"	0	2026-10-02	28.9	1	27.8332587938892	29.9667412061108	31.65	28.5	28.1668654531832	29.6331345468168	NA	29.8	31.65	31.65	23.65	28.7	28.65	24.05	13.02	13.02	37.9
"AIW.MI"	"ALMAWAVE"	1	2025-12-17	4.29	1	4.27836939486912	4.30163060513088	4.3	4.26	4.28050737706901	4.29949262293099	4.26	4.3	4.31	4.31	5.34	4.28	3.01	2.94	2.17	2.12	5.36
"BAMI.MI"	"BANCO BPM"	1	2026-10-02	15.23	1	14.8396810533034	15.6203189466966	16.68	14.84	14.8599747558359	15.6000252441641	14.84	16.68	16.35	17.45	6.73	16.09	15.66	14.84	5.4	2.13	3.76
"BDB.MI"	"BCO DESIO BRIANZA"	1	2026-10-02	16.8	1	16.0393428044969	17.5606571955031	19.3	16.14	16.0573051741155	17.5426948258845	16.14	19.06	19.3	19.3	8.86	18.18	16.54	7.76	2.49	3.06	3.66
"BELL.MI"	"BELLINI NAUTICA"	1	2026-10-02	4.6	1	4.44960157666636	4.75039842333364	4.74	4.1	4.36604217530447	4.83395782469553	3.82	4.52	4.14	4.74	3.44	4.34	3.9	2.48	2.59	2.42	3.68
"BFF.MI"	"BFF BANK"	1	2026-10-02	2.34	1	2.21339333195583	2.46660666804417	3.05	2.3	2.10910946411678	2.57089053588322	2.3	2.75	3.17	3.38	11.67	2.62	2.91	2.3	1.23	1.23	11.69
"BFG.MI"	"B.F"	1	2026-10-02	7.92	1	7.61210513626359	8.22789486373641	8.2	6.52	7.45301293050351	8.38698706949649	5.2	7.8	7.9	8.2	4.46	7.6	4.95	3.97	3.35	3.35	4.66
"BMED.MI"	"BANCA MEDIOLANUM"	1	2026-10-02	23.2	1	22.6971596104978	23.7028403895022	24.17	22.74	22.932627764927	23.467372235073	22.7	24.17	24.54	24.54	9.44	23.1	22.7	15.99	7.5	7.5	9.47
"BMPS.MI"	"BANCA MONTE PASCHI SIENA"	1	2026-10-02	11.28	1	11.0467798436503	11.5132201563497	12.07	11.13	11.0567768573186	11.5032231426814	11.13	12.07	12	12.08	46.67	11.87	11.34	6.85	1.49	1.49	46.67
"BPE.MI"	"BPER BANCA"	1	2026-10-02	13.5	1	13.1892150799542	13.8107849200458	14.54	13.21	13.2226102832745	13.7773897167255	13.21	14.42	14.56	14.99	2.22	14.06	13.9	13.21	1.92	1.25	2.22
"BPSO.MI"	"BCA POP SONDRIO"	1	2026-04-17	17.86	1	17.3065697069855	18.4134302930145	18.08	16.06	17.0112954279907	18.7087045720093	14.58	18.08	18.53	18.53	8.28	17.6	14.58	11.97	5.89	5.89	8.28
"BRE.MI"	"BREMBO"	1	2026-10-02	9.84	1	9.59137700337917	10.0886229966208	10.51	9.83	9.6763785526834	10.0036214473166	9.83	10.39	10.53	12.05	14.99	9.96	9.6	9.6	6.5	6.5	12.39
"CE.MI"	"CREDEM"	1	2026-10-02	20.6	1	20.1738140074775	21.0261859925225	21.74	20.54	20.3328004408769	20.8671995591231	20.3	21.72	21.18	21.74	8.31	21.2	20.16	13.54	5.05	5.03	7.7
"CED.MI"	"CALTAGIRONE EDIT"	1	2026-10-02	2.63	1	2.56810558439131	2.69189441560869	2.7	2.59	2.60159941186184	2.65840058813816	2.55	2.7	2.76	2.76	1.26	2.6	2.55	1.65	0.92	0.91	1.26
"CIRC.MI"	"CIRCLE"	1	2026-10-02	15.8	1	15.3486403513924	16.2513596486076	15.95	14.2	15.2196320795591	16.3803679204409	13.5	15.95	13.6	14.65	9.3	15.2	13.05	13	5.52	5.42	9.3
"CLI.MI"	"CENTRALE DEL LATTE D'ITALIA"	1	2026-10-02	4.03	1	3.96639298950683	4.09360701049317	4.1	4.01	4.00870923431868	4.05129076568132	4	4.09	4.1	4.3	5.9	4.01	4	3.99	2.54	3.84	4.98
"CMB.MI"	"CEMBRE"	1	2026-10-02	84.3	1	81.7539792751587	86.8460207248413	87.8	82.4	82.6472965869738	85.9527034130262	79.4	85	89	103.4	45.2	82.9	80.6	79.7	27.4	34	45.45
"CML.MI"	"COMAL"	1	2025-03-18	5.08	1	5.05107918261255	5.10892081738745	5.1	5.06	4.96681193321936	5.19318806678064	4.79	5.1	5.1	5.1	4.35	5.08	4.78	3.45	2.55	2.55	4.35
"COM.MI"	"COMER INDUSTRIES"	1	2026-10-02	44.7	1	43.3949601302278	46.0050398697722	49.2	44.5	43.7364899334456	45.6635100665544	44.5	46	49.2	52.2	57.2	45	46	44.5	24.4	20	57.2
"CY4.MI"	"CY4GATE"	1	2026-10-02	10.92	1	10.4488800687851	11.3911199312149	11.16	9.83	10.5321140702404	11.3078859297596	8.83	11.14	11.1	10.58	13.74	9.83	8.83	8.41	3.2	3.2	6.7
"D.MI"	"DIRECTA SIM"	1	2026-10-02	8.04	1	7.88009120731667	8.19990879268332	8.38	7.82	7.90085820340228	8.17914179659771	7.82	8.02	8.46	8.46	2.02	7.98	7.82	7.52	3.25	3.25	4.49
"DAN.MI"	"DANIELI & C"	1	2026-10-02	48.78	1	46.5760931322693	50.9839068677307	59.45	48.6	44.7175771182299	52.8424228817701	48.6	59.4	59.45	70.3	77.5	57.6	54.35	63.15	15.92	15.88	77.5
"DIS.MI"	"D'AMICO"	1	2026-10-02	8.77	1	8.37878416979369	9.16121583020631	9.04	7.61	8.47255668191649	9.06744331808351	7.46	8.76	7.63	9.27	1.19	8.07	6.84	6.34	0.86	2.65	5.09
"ECK.MI"	"ECOSUNTEK"	1	2026-10-02	3.66	1	3.50950071281157	3.81049928718843	3.86	3.54	3.60343145750508	3.71656854249492	3.54	3.86	4.16	4.16	2.83	3.6	3.2	2.94	1.35	1.95	2.83
"ELES.MI"	"ELES"	1	2026-04-22	3.19	1	3.17787412588453	3.20212587411547	3.2	3.19	3.18732738758088	3.19267261241912	3.18	3.2	3.35	3.35	2.47	3.18	3	2.61	1.18	1.14	4.78
"ELN.MI"	"EL.EN"	1	2026-10-02	16.27	1	15.7916588002652	16.7483411997348	16.75	15.54	16.0292901979744	16.5107098020256	14.92	16.18	16.75	17.61	12.58	15.54	15.03	15	7.01	7.01	18.2
"ENI.MI"	"ENI"	1	2026-10-02	24.19	1	23.6526279207311	24.7273720792689	24.75	22.93	23.8582281997027	24.5217718002973	22.93	24.75	24.43	24.75	25.01	23.55	22.93	20.08	11.01	11.01	15.83
"ENV.MI"	"ENERVIT"	1	2026-10-02	5.1	1	4.92928862650887	5.27071137349113	5.46	5.1	4.9795612416807	5.2204387583193	4.97	5.3	5.46	5.46	3.55	5.1	4.97	3.52	3.05	3.02	3.55
"ETH.MI"	"EUROTECH"	1	2026-10-02	1.3	1	1.25303155299891	1.34696844700109	1.32	1.22	1.27673610541614	1.32326389458386	1.22	1.27	1.32	1.56	3.83	1.23	1.22	1.14	0.63	0.63	6.09
"EVISO.MI"	"EVISO"	1	2026-10-02	8.86	1	8.37050160818728	9.34949839181272	10.76	8.81	8.22859828011944	9.49140171988056	8.81	10.18	11.5	11.6	12	9.41	9.33	7.02	6.57	2	12
"EXAI.MI"	"EXPERT.AI"	1	2026-10-02	1.62	1	1.57564097983147	1.66435902016853	1.69	1.53	1.6013064035175	1.6386935964825	1.46	1.6	1.61	1.78	1.97	1.55	1.47	1.46	0.98	0.98	1.97
"FCT.MI"	"FINCANTIERI"	1	2026-10-02	12.12	1	11.6605309355415	12.5794690644585	12.69	11.23	11.8100124071962	12.4299875928038	11.23	12.59	12.67	13.94	27.38	11.61	12.06	11.23	3.51	9.62	27.38
"FM.MI"	"FIERA MILANO"	1	2026-10-02	7.12	1	6.8798037183855	7.3601962816145	7.83	7.05	6.95482277250324	7.28517722749676	7.05	7.6	9.18	9.19	4.32	7.3	7.85	6.75	3.36	1.79	3.3
"FPE.MI"	"FOPE"	1	2026-10-02	56	1	55.1816014046786	56.8183985953214	56.5	54	55.5415626158734	56.4584373841266	53.5	56	56	75	38.6	55	49.2	48.2	21.6	21.4	31
"G.MI"	"GENERALI ASS"	1	2026-10-02	41.46	1	40.6003915353514	42.3196084646486	45.99	41.31	39.9246938952884	42.9953061047116	41.31	43.78	46.24	46.24	21.55	43.07	42.81	32.06	13.68	13.67	21.55
"GF.MI"	"GENERALFINANCE"	1	2026-10-02	18.9	1	18.1990432460887	19.6009567539113	21.7	18.9	18.2031862152989	19.5968137847011	18.9	20.7	21.9	31.7	1.2	20.1	20.8	12.2	6.76	6.76	1.2
"GVS.MI"	"GVS"	1	2026-10-02	5.05	1	4.88254113043306	5.21745886956694	5.37	4.56	4.78534181281518	5.31465818718482	4.55	5.35	4.89	5.37	5.69	4.56	4.55	3.32	3.83	3.83	5.72
"HI.MI"	"HEALTH ITALIA"	1	2026-03-24	299	1	298.372147286615	299.627852713385	305	299	298.574184686374	299.425815313626	298	305	296	305	193	299	294	241	85.2	85.2	193
"IEG.MI"	"ITALIAN EXHIBITION GROUP"	1	2026-10-02	15.6	1	14.9016761438167	16.2983238561833	17.2	15.6	15.1983550307564	16.0016449692436	15.1	17.2	17.7	17.7	3.68	16.6	16.25	13.45	1.8	1.8	3.68
"IGD.MI"	NA	1	2026-10-02	3.81	1	3.72735593801496	3.89264406198504	3.79	3.62	3.75756479665863	3.86243520334137	3.58	3.79	4.05	4.59	4.72	3.65	3.58	3.58	1.39	1.39	4.72
"ILP.MI"	"ILPRA"	1	2026-10-02	8.75	1	8.52969714250434	8.97030285749566	9	7.85	8.36049129282257	9.13950870717743	7.2	9	7.85	9	6	8.55	7.2	6.8	3.66	3.66	6.35
"ILTY.MI"	"ILLIMITY BANK"	1	2025-09-18	4.04	1	4.01048300025762	4.06951699974238	4.08	3.97	4.01654792120088	4.06345207879912	3.97	4.07	4.11	4.17	14.25	3.99	4.05	2.69	5.45	5.32	14.25
"IOT.MI"	"SECO"	1	2026-10-02	4.53	1	4.306565763561	4.753434236439	4.86	4.3	4.33907253549241	4.72092746450759	3.32	4.86	3.9	4.86	10.8	4.44	3.18	2.39	1.51	1.46	3.61
"ISP.MI"	"INTESA SANPAOLO"	1	2026-10-02	6.33	1	6.20350711904673	6.45649288095327	6.84	6.26	6.18495548239278	6.47504451760722	6.26	6.84	6.76	6.94	6.16	6.73	6.52	6.26	4.97	1.58	2.92
"IVS.MI"	"IVS GROUP"	1	2024-10-28	7.16	1	7.13499115255702	7.18500884744298	7.16	7.1	7.13756572481009	7.18243427518991	7.1	7.12	7.24	7.3	6.02	7.1	7.06	5.02	3.4	3.39	5.75
"LDB.MI"	"LINDBERGH"	1	2026-10-02	14.95	1	14.6440577603917	15.2559422396083	15	13.75	14.3099343268585	15.5900656731415	12.5	14.85	13.15	15.1	0.94	14	12.5	12.2	1.41	1.41	2.74
"LLY.DE"	NA	1	2026-10-02	1017.4	1	992.070918259988	1042.72908174001	1066.2	992.9	998.479209353695	1036.32079064631	960	1066.2	1051.4	1096.4	888.3	1031.4	960	728.5	536	535.8	888.3
"LUVE.MI"	"LUVE"	1	2026-10-02	69.4	1	67.0185068773736	71.7814931226264	71.8	64	66.6009715186229	72.1990284813772	59.2	71.8	59.5	71.8	32.4	67	54.1	34.55	17.06	17.02	32.4
"MAIRE.MI"	"MAIRE"	1	2026-10-02	12.49	1	12.1451501424421	12.8348498575579	12.89	11.96	12.2833190067591	12.6966809932409	11.96	12.89	12.87	14.31	16.17	12.3	11.96	11.89	6.42	2.24	16.8
"MB.MI"	"MEDIOBANCA"	1	2026-10-02	27.41	1	26.8294178115619	27.9905821884381	29.22	27.08	26.888722511727	27.931277488273	27.08	29.22	28.94	29.22	10.88	28.72	27.34	14.98	7.17	4.05	10.98
"MET.MI"	"MET.EXTRA GROUP"	1	2026-10-02	2.5	1	2.44018432705015	2.55981567294985	2.44	2.3	2.41340380436243	2.58659619563757	2.3	2.44	2.6	2.96	2.3	2.32	2.38	2.3	1.32	1.52	2.3
"NDT.MI"	"NEODECORTECH"	1	2026-10-02	5.4	1	5.24483277134193	5.55516722865807	5.66	5.32	5.33914528199641	5.46085471800359	5.06	5.66	5.84	5.84	5.2	5.36	5.1	2.92	2.38	2.38	5.2
"NVP.MI"	"NVP"	1	2025-03-11	4.08	1	4.06275871230953	4.09724128769047	4.16	4.08	4.02769069168624	4.13230930831376	3.9	4.16	3.4	4.16	1.19	4.08	2.98	2.54	0.64	1.48	4.26
"OS.MI"	"OFFICINA STELLARE"	1	2026-10-02	52	1	49.242922161313	54.757077838687	52	37.8	45.1494605971581	58.8505394028419	27	46	46.8	49.4	49.4	42	27	27	8	19.2	32
"OVS.MI"	"OVS"	1	2026-10-02	5.89	1	5.7219168911381	6.0580831088619	6.12	5.49	5.6756879137107	6.1043120862893	5.31	6.12	6.49	6.49	3.13	5.53	5.31	5.31	1.39	1.38	3.13
"PMT.MI"	"PROMOTICA"	1	2026-10-02	2.98	1	2.8905727476899	3.0694272523101	3.1	2.68	2.86191081783222	3.09808918216778	2.68	3.14	3.16	3.46	3	2.68	2.68	2.68	1.77	1.77	3.21
"PRT.MI"	"ESPRINET"	1	2026-10-02	7.95	1	7.6616649278894	8.2383350721106	8.27	7.74	7.81558224868667	8.08441775131333	7.36	8.23	8.53	8.58	6.09	7.74	6.78	4.48	3.53	3.53	6.09
"PRY.MI"	"PRYSMIAN"	1	2026-10-02	129.8	1	125.068311786942	134.531688213058	131.2	119.65	126.637757090327	132.962242909674	117	126.9	130.1	157.25	40.07	123.15	119.65	113.45	33.36	25.26	35.55
"PST.MI"	"POSTE ITALIANE"	1	2026-10-02	24.49	1	23.8231556968189	25.1568443031811	27.09	24.11	23.7091013207511	25.2708986792489	24.11	26.16	27.2	29.48	13.01	25.22	25.27	19.3	11.31	7.58	12.73
"PVN.MI"	"PIOVAN"	1	2025-04-02	13.95	1	13.9077786990751	13.9922213009249	14	13.9	13.9243223704493	13.9756776295507	13.9	14	13.9	14	11	13.95	13.6	11.2	8.3	8.22	11
"RLT.MI"	"RELATECH"	1	2024-12-09	2.52	1	2.50936588289107	2.53063411710893	2.59	2.51	2.51349556364412	2.52650443635588	2.51	2.59	2.54	2.59	3.29	2.52	2.42	1.92	0.24	1.81	2.61
"SCM.MI"	"SOLUTIONS CAPITAL MANAGEMENT SIM"	1	2026-05-04	4.6	1	4.59348021478688	4.60651978521312	4.62	4.58	4.58707587654682	4.61292412345318	4.58	4.62	4.62	4.74	11.3	4.58	4.54	2.92	0.65	2.34	5.1
"SFER.MI"	"SALVATORE FERRAGAMO"	1	2026-10-02	7.03	1	6.64276097539625	7.41723902460375	7.81	6	6.66348612907229	7.39651387092772	6	7.7	9.64	11.13	18.77	7.26	9.05	6	4.35	4.35	23.25
"SFL.MI"	"SAFILO GROUP"	1	2026-10-02	1.81	1	1.75223434644363	1.86776565355637	1.85	1.71	1.77295977832169	1.84704022167831	1.68	1.77	2.28	2.28	2.19	1.72	1.68	1.5	1.5	0.65	2.19
"SHE.MI"	"SHEDIR PHARMA GROUP"	1	2025-01-21	4.88	1	4.85813659159003	4.90186340840997	4.98	4.86	4.87005509683802	4.88994490316198	4.86	4.98	3.96	4.98	4.52	4.88	3.68	3.6	3.34	3.34	5.1
"SOM.MI"	"SOMEC"	1	2026-10-02	22.7	1	21.8179511166202	23.5820488833798	22.9	21	22.2040826017026	23.1959173982974	20.4	22.9	23.6	27.5	15.6	21.8	20.4	20	9.5	12.2	16
"SPM.MI"	"SAIPEM"	1	2026-10-02	4.32	1	4.21427739336691	4.42572260663309	4.46	4.22	4.27063034699978	4.36936965300023	4.13	4.45	4.64	4.85	2.8	4.31	4.13	3.9	1.59	1.59	2.8
"SRI.MI"	"SERVIZI ITALIA"	1	2024-12-13	2.36	1	2.34990977821425	2.37009022178575	2.37	2.36	2.35574184686374	2.36425815313626	2.36	2.37	2.4	2.4	6.84	2.36	2.35	1.42	1	0.98	2.95
"SRS.MI"	"SARAS"	1	2024-09-10	1.6	1	1.59740128581841	1.60259871418159	1.6	1.59	1.59636863480399	1.60363136519601	1.59	1.63	1.68	1.96	2.37	1.59	1.61	1.59	0.41	0.41	2.39
"SSL.MI"	"S.S. LAZIO"	1	2026-10-02	1.67	1	1.61400054736056	1.72599945263944	1.75	1.61	1.65422340027442	1.68577659972558	1.61	1.72	1.75	1.87	1.17	1.63	1.54	1.46	0.61	0.6	1.35
"STAR7.MI"	"STAR7"	1	2026-08-17	9.65	1	9.60728518950312	9.69271481049688	9.65	9.6	9.62432237044935	9.67567762955066	9.6	9.65	12.1	12.1	7.15	9.6	9.55	5.4	5.5	5.5	10
"STMMI.MI"	NA	1	2026-10-02	50.35	1	48.5411555428679	52.1588444571321	50.35	44.06	48.0470706661985	52.6529293338015	41.23	47.94	46.72	70.86	28.41	46.47	41.23	41.23	15.76	15.76	50.48
"TEN.MI"	"TENARIS"	1	2026-10-02	24.74	1	24.1855360770483	25.2944639229517	25.09	23.9	24.5537943946265	24.9262056053735	23.67	24.87	25.09	27.75	19.44	24.14	23.67	22.28	11.66	13.66	19.44
"TES.MI"	"TESMEC"	1	2026-10-02	0.56	1	0.533283784321384	0.586716215678616	0.57	0.5	0.5331815218696	0.586818478130401	0.41	0.56	0.45	0.57	19.44	0.52	0.37	0.05	11.66	0.08	0.25
"TIT.MI"	"TELECOM ITALIA"	1	2026-10-02	6.41	1	6.19462330522637	6.62537669477363	7.87	6.34	5.92861235377913	6.89138764622087	6.34	7.87	7.88	8.19	3.28	7.74	7.36	7.27	1.98	1.98	3.28
"TLS.MI"	"TELESIA"	1	2026-10-02	3.64	1	3.59245677067556	3.68754322932444	3.64	3.4	3.57544744027513	3.70455255972487	3.4	3.52	3.64	3.82	2.34	3.4	3.4	1.01	1.86	1.85	2.4
"TOD.MI"	"TOD'S"	1	2024-06-05	42.96	1	42.8162854887902	43.1037145112098	42.98	42.72	42.8650621950265	43.0549378049735	42.72	42.88	43.22	43.3	45.56	42.72	42.66	30.16	28.42	28.42	45.56
"TPRO.MI"	"TECHNOPROBE"	1	2026-10-02	35.06	1	33.3617751996935	36.7582248003065	35.5	29.32	33.0630545303411	37.0569454696589	27.12	31.56	31.58	38.48	9.88	29.44	27.12	25.62	4.77	4.77	9.89
"TXT.MI"	"TXT E-SOLUTIONS"	1	2026-10-02	51.6	1	49.6976425332245	53.5023574667755	55.8	51.2	50.6856155616488	52.5143844383512	47.85	54.1	55.8	55.8	42	52.3	47.85	23.25	7.74	6.73	42
"UCG.MI"	"UNICREDIT"	1	2026-10-02	78.85	1	76.8991473533715	80.8008526466285	85.24	77.11	77.1918895634548	80.5081104365452	77.11	85.24	85.23	86.42	15.93	82.14	81.13	57.36	7.75	7.75	15.93
"UNI.MI"	"UNIPOL"	1	2026-10-02	25.79	1	25.1767115001511	26.4032884998489	28.34	25.58	25.0115156314428	26.5684843685572	25.58	27.69	28.48	29.39	5.42	27	26.52	20.63	2.5	3.81	5.42
"UNIR.MI"	"UNIEURO"	1	2025-01-07	11.68	1	11.5701637508147	11.7898362491853	11.96	11.62	11.5665428386018	11.7934571613982	11	11.74	11.96	11.98	31.36	11.68	11	10.48	7.84	7.84	31.36
"VIM.MI"	"VIMI FASTENERS"	1	2026-10-02	1.39	1	1.33984103483318	1.44015896516682	1.5	1.37	1.35932087368896	1.42067912631104	1.37	1.42	1.5	1.9	1.66	1.39	1.46	1.37	0.86	0.86	1.79
